1 1193 4.17245
1 661 4.21064
1 914 3.76022
1 3408 3.94749
1 2355 4.18489
1 1197 4.19239
1 1287 3.7746
1 2804 4.22985
1 594 4.2725
1 919 4.14473
1 595 4.09725
1 938 4.2248
1 2398 4.08095
1 2918 3.82183
1 1035 3.86963
1 2791 4.16566
1 2687 3.86146
1 2018 4.22813
1 3105 3.83467
1 2797 4.03768
1 2321 3.79987
1 720 4.09092
1 1270 4.15983
1 527 4.28487
1 2340 3.87145
1 48 3.94103
1 1097 3.76245
1 1721 3.96755
1 1545 3.76609
1 745 3.7916
1 2294 3.72067
1 3186 3.80014
1 1566 3.78975
1 588 3.66375
1 1907 3.85486
1 783 4.21053
1 1836 3.80499
1 1022 3.92041
1 2762 3.94719
1 150 4.13905
1 1 4.24096
1 1961 4.14935
1 2692 3.88699
1 260 4.17349
1 1028 3.90769
1 1029 4.05482
1 1207 4.12494
1 2028 4.28521
1 531 4.10987
1 3114 3.95727
1 608 3.8162
1 1246 4.16063
2 1357 1.52053
2 3068 1.99853
2 647 1.66882
2 2194 1.71761
2 648 1.74077
2 2268 4.35008
2 2628 2.95218
2 1103 1
2 2916 2.54636
2 3468 4.20973
2 1210 3.8388
2 1792 2.79182
2 1687 1.92562
2 1213 4.45024
2 3578 1.63861
2 2881 4.42706
2 3030 4.4428
2 1217 4.46175
2 3105 1.65327
2 434 1.69577
2 2126 4.3685
2 3107 4.02136
2 3108 3.38893
2 3035 1.73088
2 1253 4.47826
2 1610 1.55953
2 292 2.80628
2 2236 4.11759
2 3071 1.91565
2 902 4.39197
2 368 1.92648
2 1259 4.4645
2 3147 2.73167
2 1544 4.2236
2 1293 1.2999
2 1188 1.77759
2 3255 1
2 3256 1.59888
2 3257 1.73507
2 110 4.60372
2 2278 1.72956
2 2490 1.54924
2 1834 1.6443
2 3471 4.28487
2 589 3.50638
2 3654 1
2 2852 3.8556
2 1945 2.5652
2 982 2.1091
2 1873 3.7712
2 2858 1.43854
2 1225 4.4591
2 2028 4.43138
2 515 1.60731
2 442 1.75209
2 2312 1.70859
2 265 1.62098
2 1408 1.54179
2 1084 4.35976
2 3699 1.58015
2 480 4.20227
2 1442 1.57461
2 2067 1.50912
2 1265 4.37894
2 1370 1.63976
2 1193 4.39119
2 1801 1.62969
2 1372 4.53298
2 2353 1.5684
2 3334 1.79149
2 2427 3.85651
2 590 4.48205
2 1196 4.53095
2 1552 1.40983
2 736 4.38052
2 1198 4.54361
2 593 4.40263
2 2359 1.69204
2 95 3.27706
2 2717 1.80258
2 2571 1.6114
2 1917 1.71169
2 2396 1.87945
2 3735 3.392
2 1953 1.89195
2 1597 2.03099
2 3809 1.82984
2 1954 3.20808
2 1955 2.24409
2 235 1.64365
2 1124 4.4
2 1957 2.21673
2 163 3.66234
2 21 4.10341
2 165 1.82135
2 2321 1.57743
2 1090 1.73252
2 380 1.55754
2 2501 3.71999
2 349 1.72584
2 457 1.70162
2 1096 4.46044
2 920 4.18114
2 459 1.66261
2 1527 1.87096
2 3418 2.06872
2 1385 3.28482
2 3451 2.15085
2 3095 2.39703
2 780 3.18595
2 498 2.41651
2 2728 1.52746
2 2002 4.3671
2 1784 1
2 2943 3.59723
2 2006 2.27875
2 318 2.23604
2 1207 4.36974
2 1968 1.64069
2 3678 4.45158
2 1244 4.50222
2 356 1.96069
2 1245 3.93704
2 1246 4.45269
2 1247 4.47602
3 3421 1.8457
3 1641 1.84525
3 648 1.92521
3 1394 1.66565
3 3534 1.51343
3 104 1.86677
3 2735 1.89368
3 1210 3.39151
3 1431 1.82002
3 3868 1.72618
3 1079 3.35023
3 2997 3.6
3 1615 4.36526
3 1291 3.68899
3 1259 4.19148
3 653 3.66667
3 2167 1.6
3 1580 1.39295
3 3619 2.17339
3 260 4.12029
3 2858 1.57746
3 3114 3.43003
3 1049 2
3 1261 4.35058
3 552 4.32473
3 480 4.19352
3 1265 4.05766
3 1266 4.16825
3 733 1.68305
3 1196 4.24206
3 590 4.23794
3 2355 4.66644
3 1197 4.23669
3 1198 4.07727
3 1378 1.73933
3 593 4.39796
3 1379 1.8163
3 3552 1.9683
3 1304 1.58511
3 1270 4.33993
3 2470 2.02102
3 3168 1.10559
3 2617 1.81319
3 1961 4.48305
3 3671 4.28648
3 2006 1.80104
3 2871 2.53524
3 2115 4.29214
3 1968 1.68583
3 1136 1.99445
3 2081 1.6264
4 3468 4.22838
4 1210 4.24387
4 2951 4.17224
4 1214 1.99972
4 1036 1.88509
4 260 4.11239
4 2028 4.15959
4 480 4.29079
4 1196 4.30905
4 1198 4.22562
4 1954 2.85296
4 1097 2.60118
4 3418 1.75122
4 3702 2.77023
4 2366 4.53683
4 1387 1.77971
4 3527 2.27556
4 1201 4.28827
4 2692 1.95509
4 2947 2.25654
4 1240 4.28625
5 2987 2.35489
5 2333 4.28156
5 1175 1.63681
5 39 4.19968
5 288 3.66661
5 2337 1.67357
5 1535 2.50692
5 1392 4.29286
5 2268 4.3666
5 1466 1.60136
5 860 1.71433
5 1683 1.55154
5 866 1.91643
5 1684 3.75162
5 2916 2.1253
5 215 1.58218
5 1759 2.21991
5 501 1.53117
5 3578 1.64628
5 506 3.43874
5 1250 4.35037
5 3793 1.84614
5 509 1.61722
5 41 4.22877
5 1610 1.65582
5 2058 1.56391
5 3799 4.17031
5 2997 3.625
5 47 4.39647
5 2700 2.21233
5 296 4.30194
5 581 3.88889
5 1617 1.80505
5 728 2.01905
5 299 2.25616
5 3079 4.45044
5 2560 2.89304
5 1909 1.62279
5 150 4.36101
5 224 2
5 3728 1.62413
5 229 2.23609
5 6 4.3916
5 3006 3.81595
5 2858 1.44364
5 1046 2.61804
5 515 1.60984
5 800 1.5816
5 50 4.33261
5 52 4.44585
5 1191 4.20995
5 1192 3.75403
5 733 1.60554
5 3081 1.6911
5 377 4.28738
5 2353 1.60508
5 1268 4.42205
5 3083 2
5 2427 3.73345
5 3513 2.8756
5 2428 1.84729
5 2355 4.03257
5 2282 1.5607
5 1554 3.91239
5 1912 1.54478
5 593 4.48903
5 2359 1.81352
5 2716 3.43588
5 1485 2.40882
5 2717 2.28208
5 2571 1.54214
5 2289 4.2463
5 162 3.25086
5 1127 1.59998
5 3016 2.72374
5 2070 4.27235
5 1704 1.72405
5 2437 1.63019
5 2291 4.27886
5 1635 4.41685
5 1279 3.90128
5 2721 1.60438
5 2723 4.32107
5 1921 1.58569
5 2725 1.60519
5 1923 1.57035
5 2580 4.22035
5 3386 1.50422
5 3744 2.16375
5 896 4.04281
5 3020 4.32225
5 1788 1.90114
5 318 2.62829
5 176 1.60604
5 461 1.5879
5 608 1.61445
5 1429 1.51441
5 2159 2.26906
5 1715 2.35013
5 1643 2.9687
5 3249 4.35016
5 3176 4.42135
5 2806 2.19183
5 2734 1.82882
5 1649 4.08574
5 321 4.54353
5 2013 4.44191
5 3100 3.50512
5 2952 3.7106
5 1213 4.4452
5 1794 1.59545
5 2599 1.582
5 1500 4.39315
5 3105 1.62888
5 2959 2.54589
5 1509 2.82126
5 1721 3.80171
5 1722 1.62493
5 1650 3.91109
5 908 4.33848
5 1580 1.44435
5 1653 1.892
5 2384 1.64204
5 1729 2
5 3476 1.52204
5 3113 4.20731
5 2028 4.48638
5 16 4.51299
5 265 1.5434
5 2029 2.68587
5 194 1.65619
5 551 1.71843
5 1513 1.90711
5 3046 4.43923
5 2318 1.50255
5 1517 3.14286
5 1089 4.22257
5 3260 3.61842
5 913 4.04977
5 1730 4.05901
5 3408 3.48433
5 3409 1.70828
5 2607 2.89948
5 1449 3.53576
5 1732 1.65984
5 1733 1.56017
5 2390 1.53006
5 1734 1.97703
5 3266 4.17129
5 3267 1.71234
5 919 4.01828
5 3624 1.65589
5 2395 2.70266
5 1594 4.33174
5 2683 1.71463
5 412 1.59656
5 2759 1.63812
5 994 1.41638
5 1884 4.11157
5 1885 4.38223
5 272 1.52612
5 24 1.73356
5 3051 1.73606
5 348 2.39448
5 2323 4.32856
5 29 3.96952
5 562 2.1036
5 1527 2.30932
5 3418 1.51414
5 2188 1.57866
5 497 3.06388
5 202 1.57527
5 1747 3.93088
5 2908 1.55042
5 2762 2.44645
5 2692 2.49833
5 1966 1.66967
5 3499 2.55653
5 353 4.50306
5 32 4.29952
5 1243 4.40475
5 1897 2.45772
5 1171 4.40669
5 3786 3.02319
5 34 4.3967
5 356 1.88676
5 357 1.57014
5 36 4.33084
5 714 2.83157
6 2406 2.62964
6 1101 3.67043
6 3717 2.0895
6 1030 4.28839
6 1035 3.47377
6 3578 2.01472
6 364 2.15868
6 3501 2.41064
6 3072 1.89753
6 368 2.33551
6 296 2.96319
6 48 3.22253
6 3074 3.33863
6 1188 2.30197
6 3508 3.31919
6 588 2.3
6 1 4.21562
6 1043 1.76067
6 2858 2.0132
6 377 3.97777
6 590 3.69399
6 595 4.36206
6 597 3.02794
6 383 1.9706
6 2506 2.03846
6 3524 2.45541
6 1566 2.14458
6 1569 3.7644
6 2006 2.03946
6 2081 2.25019
6 2082 3.70044
6 3600 3.78916
6 3604 2.92013
6 2802 3.45762
6 3534 2.15539
6 3536 3.75892
6 1210 2.88558
6 3753 3.24927
6 2017 4.17635
6 3685 4.31016
6 3610 3.26273
6 1296 2.70862
6 838 3.75892
6 1007 3.89434
6 1947 3.41364
6 2966 4.24335
6 266 3.13585
6 17 4.15749
6 3699 2.25748
6 1088 3.27608
6 912 3.5583
6 199 2.01774
6 914 1.77831
6 3408 2.30758
6 1806 2.32752
6 3624 1.82037
6 2469 1.83822
6 2396 2.96398
6 2100 2.99618
6 1959 2.1057
6 2321 2.08564
6 920 3.91625
6 569 3
6 1674 1.94802
6 3565 1.58475
6 1028 2.29117
6 34 4.18218
7 648 3
7 2916 3
7 3578 3
7 3793 3
7 1610 3
7 589 5
7 6 5
7 442 3
7 733 3
7 377 5
7 2353 3
7 1196 5
7 2571 3
7 380 3.0076
7 1997 4.24316
7 1270 5
7 457 3
7 1573 3
7 3753 4.50687
7 3107 5
7 474 5
7 1722 3
7 3256 3
7 1580 3
7 110 5
7 1221 5
7 2028 5
7 480 5
7 349 3
7 3418 3
8 39 4.23245
8 2336 2.52316
8 288 3.4229
8 3425 2.33333
8 2268 4.53471
8 1466 2.85791
8 1393 2.32596
8 1682 4.32347
8 2916 2.27464
8 506 3.61773
8 508 3.07231
8 3213 4.12829
8 42 2.79067
8 3500 2.26433
8 296 4.24903
8 3147 2.96963
8 3148 3.2
8 2702 2.68408
8 2278 2.58535
8 1476 3.88376
8 2490 2.46579
8 589 4.16102
8 1836 2.78852
8 1693 3.80897
8 150 3.99817
8 151 3.37918
8 1 4.66113
8 510 2.61632
8 4 2.67226
8 3006 3.76107
8 2858 2.69945
8 1621 2.53747
8 1265 4.12586
8 733 2.59792
8 377 3.7608
8 3155 2.39599
8 2427 4.19664
8 58 4.50745
8 2712 2.7547
8 2429 2.63288
8 1840 4.66667
8 2571 2.4443
8 1916 2.58052
8 1488 2.29956
8 230 4.39715
8 1120 2.37208
8 161 3.84849
8 163 3.55892
8 1411 4
8 524 4.65729
8 1059 3.90156
8 527 4.23088
8 454 4.54362
8 1701 3.13467
8 1274 4.467
8 741 4.44146
8 1704 2.64429
8 1277 4.52889
8 2291 4.25411
8 1639 2.82415
8 3528 2.93313
8 2297 2.30337
8 3386 2.39559
8 2006 2.89609
8 608 2.48134
8 465 2.82017
8 538 4.3454
8 393 3.75
8 2442 3.65288
8 1357 2.4081
8 73 4.25823
8 3246 3.43756
8 3173 3.29366
8 1573 2.75495
8 105 3.79525
8 1210 3.94321
8 1213 4.37738
8 253 2.88751
8 3105 2.44342
8 3107 4.63318
8 3250 3.752
8 3252 3.85574
8 1721 3.301
8 476 2.43627
8 3256 2.34448
8 908 4.50372
8 3257 2.59449
8 1653 3.30311
8 1580 2.4394
8 110 4.32827
8 111 2.86799
8 3259 2.5001
8 3186 2.44667
8 1589 4.32562
8 2023 2.91462
8 14 4.32563
8 2028 4.30023
8 337 3.91998
8 265 2.59902
8 16 4.5259
8 266 2.88559
8 17 4.65132
8 2314 2.46716
8 2600 2.50224
8 480 4.1427
8 269 3.43732
8 555 2.69244
8 1801 2.57527
8 3260 3.83698
8 1730 4.0563
8 1660 2.4926
8 3265 3.55382
8 1735 3.2473
8 3267 2.53734
8 3481 4.13619
8 2396 2.83995
8 2686 2.86752
8 2688 2.67301
8 345 4.38377
8 2320 2.8248
8 24 2.86937
8 25 4.25936
8 2324 2.62653
8 349 3.09838
8 562 2.79863
8 2329 4.11525
8 1810 2.69958
8 2541 4.35859
8 3418 2.61847
8 1673 4.03804
8 2908 2.30954
8 1678 2.8168
8 2692 3.21229
8 1027 4.51503
8 2699 2.45759
8 36 4.54759
9 2268 4.23988
9 1466 2.58917
9 1393 2.73868
9 1682 3.89311
9 3717 2.84438
9 508 3.03691
9 3793 2.71111
9 720 3.87309
9 367 2.6822
9 47 4.31372
9 3147 3.16506
9 3148 2.875
9 1617 2.90257
9 2278 2.7328
9 223 2.98022
9 150 4.29382
9 3298 4.21747
9 1 4.32939
9 3006 4.08467
9 2858 2.38796
9 50 4.20623
9 1265 4.10904
9 805 4.33333
9 3510 4.32823
9 377 4.33304
9 1552 2.92952
9 590 4.28921
9 3513 3.04719
9 2355 4.33584
9 1912 2.72608
9 593 4.38829
9 2571 2.45722
9 597 3.05729
9 300 4.07023
9 1777 4.1305
9 162 3.25585
9 524 4.33693
9 1343 2.90419
9 527 4.20558
9 3160 3.75
9 529 2.55055
9 457 2.70455
9 1704 2.84328
9 745 2.64798
9 3452 2.71569
9 2294 2.79019
9 1921 2.78521
9 1639 3.13969
9 1923 2.77827
9 1784 2.33333
9 318 3.74587
9 608 2.74064
9 1356 4.32816
9 1358 3.75878
9 3178 4.36246
9 3751 2.87667
9 1210 3.97006
9 3826 2.73164
9 1213 4.29374
9 3755 2.81823
9 2599 2.79997
9 2302 3.15714
9 1500 4.14969
9 2959 3.03231
9 1148 2.98767
9 2166 2.90536
9 1721 3.98046
9 3253 2.33333
9 3255 3
9 1653 2.66267
9 838 4.07443
9 1584 2.58781
9 1221 4.29217
9 1223 4.31506
9 2028 4.37392
9 3114 3.4804
9 16 4.3779
9 480 4.3219
9 1089 4.12069
9 912 4.19781
9 1446 3.48149
9 3408 3.32292
9 3623 2.79106
9 778 3.74184
9 1669 2.90058
9 3484 4.44016
9 412 2.73066
9 994 2.64665
9 1233 4.12191
9 1307 2.66113
9 25 4.01611
9 2324 2.72595
9 349 2.79836
9 920 3.91264
9 3270 4.17137
9 2762 3.05877
9 1961 4.29056
9 2692 3.16528
9 1310 2.55791
9 428 4.18426
10 2622 3.97549
10 648 2.96296
10 2628 3.15567
10 3358 2.89878
10 3359 3.67448
10 1682 3.70351
10 1756 2.84091
10 1320 4.12634
10 2124 3.69201
10 2125 3.4188
10 1250 4.07059
10 2054 2.84598
10 1252 4.24754
10 1253 4.16215
10 720 3.73435
10 3868 2.92644
10 1254 3.21142
10 3869 2.84719
10 1256 3.83521
10 3500 2.89286
10 1257 4.15248
10 3501 2.91359
10 2997 3.96
10 1259 4.0704
10 653 3.92857
10 1831 3.21299
10 3363 2.90595
10 586 4.12442
10 587 4.34373
10 3438 3.03051
10 588 2.8289
10 3439 4.17186
10 589 4.12106
10 3296 3.98892
10 223 2.99971
10 150 3.97043
10 1 4.20894
10 2497 4.17294
10 2 2.86915
10 2498 2.82973
10 153 3.30486
10 7 3.12141
10 2133 3.2803
10 2135 4.03616
10 2136 3.95825
10 2137 3.42511
10 1408 2.84695
10 802 3.2662
10 2138 4.01503
10 1409 2.86134
10 2067 3.15894
10 1265 3.96562
10 1339 2.87683
10 1269 3.92083
10 1196 4.07498
10 590 4.11292
10 1197 4.06092
10 1198 3.83613
10 2640 3.43988
10 592 4.29779
10 594 4.29449
10 2716 3.76009
10 595 4.03689
10 2717 3.37338
10 2571 2.83144
10 596 3.91118
10 3447 3.24863
10 597 3.05368
10 1918 2.80666
10 2140 4.08961
10 1411 3.66667
10 2072 3.70863
10 1270 4.1268
10 1271 3.73781
10 1345 3.79509
10 2077 3.13521
10 2078 2.93313
10 1276 3.65045
10 1278 3.81904
10 745 3.0228
10 3451 3.00477
10 3525 2.89991
10 1921 2.91064
10 1923 2.88783
10 1927 2.85903
10 3386 2.81441
10 2657 3.89618
10 3388 3.9084
10 1784 2.75
10 316 4.09144
10 317 3.92084
10 318 3.59887
10 248 3.14843
10 2080 2.85189
10 2081 2.89148
10 2082 3.88764
10 1282 4.20464
10 1356 4.07815
10 1283 4.22744
10 750 3.63977
10 1357 2.85711
10 2087 3.01981
10 1286 3.02086
10 1287 3.07595
10 2804 4.15918
10 3608 3.03467
10 2662 3.02375
10 3466 2.91431
10 3100 3.60231
10 2300 2.91063
10 253 2.97842
10 180 2.86985
10 2599 2.92344
10 2302 3.25883
10 329 2.84701
10 3034 3.90055
10 3108 2.9453
10 3035 2.89323
10 186 2.95245
10 3037 4.14459
10 2090 2.75036
10 3039 3.91195
10 2091 2.81038
10 902 4.05446
10 830 3.00206
10 2093 4.14501
10 1291 3.0452
10 904 4.14928
10 2094 2.89173
10 1292 3.47181
10 1293 3.29622
10 2096 3.20198
10 1294 2.80682
10 765 4
10 3471 3.54138
10 2746 3.07753
10 1009 3.00716
10 1947 3.90616
10 1948 2.95045
10 333 3.26944
10 260 4.20428
10 3114 3.31834
10 2312 2.85929
10 339 4.03441
10 1513 2.83952
10 2316 3.31393
10 1517 3.63944
10 1371 2.79087
10 2174 2.99853
10 1372 3.54129
10 912 4.06479
10 913 3.93816
10 1374 3.94283
10 914 2.84409
10 1375 2.84668
10 915 4.09747
10 1376 4.08016
10 1377 4.07815
10 916 4.13226
10 918 4.0496
10 919 4.02302
10 1012 3.64262
10 3481 4.09
10 2826 3.00704
10 3629 2.90201
10 1015 3.13881
10 1016 4.26643
10 1954 2.91632
10 1019 3.86992
10 1884 3.88741
10 3489 2.87174
10 1959 2.83936
10 344 3.07307
10 24 3.0128
10 2321 2.86976
10 275 3.25451
10 2324 2.8925
10 2252 2.83933
10 277 3.95583
10 920 4.0232
10 923 4.28276
10 924 4.04015
10 3701 2.96603
10 3702 3.75383
10 780 3.18296
10 3703 2.87533
10 1387 2.99875
10 926 3.79851
10 3704 2.97026
10 1020 4.23229
10 784 3.09732
10 858 2.66667
10 1022 3.70778
10 2762 3.05463
10 1023 4.24677
10 1961 4.02416
10 1025 2.89939
10 2693 4.05655
10 1028 2.99828
10 1967 3.16482
10 351 3.36591
10 32 3.92851
10 356 3.18865
10 357 2.90193
10 2405 2.85509
10 2407 2.90113
10 2336 2.91711
10 3066 3.62079
10 2193 2.83047
10 932 4.12745
10 1394 3.06436
10 938 4.13515
10 1101 3.74434
10 1030 4.16336
10 1031 2.88662
10 1104 3.29165
10 1032 3.74128
10 2918 2.92156
10 1035 3.18801
10 435 2.85359
10 364 2.92897
10 292 3.15564
10 367 2.83143
10 3072 2.98263
10 368 3.0336
10 48 3.19064
10 1544 4.14412
10 1617 2.95724
10 943 4.11001
10 3723 3.05855
10 1042 3.03933
10 2858 2.69053
10 370 3.78447
10 2423 2.85093
10 3153 3.03265
10 2424 2.96296
10 3155 3.05092
10 2355 4.05239
10 3086 3.62172
10 3087 3.27871
10 953 3.57278
10 954 4.01964
10 3809 2.76276
10 3591 2.98052
10 2863 3.27035
10 1124 3.97973
10 3593 2.82944
10 2791 3.94408
10 520 3.7402
10 3668 3.96596
10 1127 2.75
10 2795 4.07581
10 1129 4.03138
10 2797 3.5263
10 1059 4.14732
10 2501 3.43755
10 527 4.10714
10 2431 3.70402
10 62 4.25556
10 1704 2.87464
10 3309 3.96744
10 1633 4.23114
10 2436 2.72659
10 2291 4.07921
10 3095 3.33988
10 2294 2.79667
10 3097 2.81584
10 1566 2.85571
10 1639 3.4014
10 3099 3.90512
10 3812 3.77778
10 2000 3.4856
10 963 3.64822
10 2001 3.9144
10 1200 3.89289
10 2002 4.2105
10 1201 4.02117
10 2003 4.12192
10 3671 4.12344
10 1203 4.05261
10 2005 3.70657
10 1204 4.04743
10 2006 2.87237
10 969 3.4875
10 2872 3.91763
10 3675 2.87597
10 2946 2.89285
10 898 4.09656
10 2009 3.46089
10 2874 2.96764
10 899 4.06566
10 1135 3.59802
10 2948 2.99068
10 1136 3.22534
10 539 2.91971
10 2371 3.5729
10 3247 3
10 3174 3.40053
10 3175 2.87031
10 2375 3.75676
10 1573 3.1631
10 104 3.01072
10 2378 2.89988
10 971 3.92545
10 2011 3.42801
10 3751 2.97929
10 1210 3.95003
10 2012 4.25603
10 2015 4.09236
10 1214 3.01986
10 1215 4.07076
10 2018 4.08697
10 1073 3.27577
10 3688 2.76942
10 2959 3.05317
10 541 2.97788
10 542 4
10 1148 2.98574
10 543 2.85657
10 1079 3.43202
10 3252 3.23949
10 1721 3.7712
10 3254 3.60967
10 3255 3
10 2453 2.92388
10 110 3.89747
10 1580 2.94055
10 1653 3.24922
10 2529 2.87451
10 1654 3.09423
10 3259 3.77501
10 1583 4.12327
10 1584 2.8434
10 3189 2.99438
10 116 3.34057
10 2021 3.6146
10 1220 3.97434
10 1221 4.14396
10 1223 4.14585
10 1225 3.85536
10 1080 3.85967
10 2967 4.17657
10 2968 2.87008
10 551 2.98376
10 1084 4.14823
10 3699 2.919
10 480 3.90894
10 1088 4.03771
10 2530 2.87733
10 3408 3.27294
10 3194 2.76366
10 2393 2.80655
10 3198 3.38126
10 2396 3.40015
10 2398 3.56307
10 2100 3.08328
10 2399 4.06525
10 1302 4.07943
10 1230 3.85619
10 2105 3.09568
10 1304 2.80135
10 2033 3.9619
10 1233 3.94952
10 2108 4.12788
10 1234 4.11192
10 1307 2.73086
10 2109 2.74645
10 1097 3.03574
10 2470 3.13206
10 2617 2.93114
10 3347 2.95772
10 203 2.94477
10 1676 3.64286
10 208 2.9212
10 2111 3.04496
10 2040 3.63647
10 2041 3.86408
10 2115 4.09931
10 1240 4.15377
10 2043 2.6793
10 1243 4.06275
10 2045 2.83532
10 2046 4.24544
10 2047 4.13021
10 1247 4.11372
10 2049 3.74848
11 1753 2.75459
11 1682 3.48428
11 216 1.90962
11 2997 3.42857
11 1259 4.09877
11 1188 2.05305
11 2706 3.60997
11 586 4.05171
11 587 4.20014
11 2639 2.48832
11 2136 3.80362
11 1265 4.0628
11 2710 1.89825
11 663 3.48223
11 590 4.12257
11 1197 4.09934
11 2712 2.35799
11 1198 4.02611
11 593 4.29472
11 1916 2.02491
11 597 2.50945
11 3448 3.87084
11 231 1.87125
11 1777 3.86373
11 2076 4.16261
11 1278 3.72237
11 1923 1.92736
11 2580 4.04624
11 1784 2.6
11 318 2.9098
11 246 1.95432
11 249 2.30727
11 1358 2.53977
11 1288 4.14729
11 2804 4.12063
11 3608 2.72677
11 2806 2.13073
11 3396 2.28247
11 3101 3.69125
11 2598 2.99253
11 2302 2.02824
11 3105 1.84523
11 3107 3.94971
11 2306 1.8895
11 2746 2.4375
11 333 1.85252
11 2174 3.07089
11 3552 2.20841
11 778 3.48009
11 2683 1.91806
11 342 3.99364
11 1887 4.18934
11 345 3.79053
11 272 1.92593
11 2321 1.93504
11 2325 2.02906
11 3129 1.86635
11 2329 3.30784
11 784 2.24164
11 2907 1.92502
11 2762 2.29668
11 2766 3.42778
11 3499 2.74377
11 356 2.54559
11 357 1.91647
11 36 4.16433
11 2335 3.12008
11 1461 1.96114
11 1394 1.939
11 2918 1.89997
11 435 1.87592
11 47 4.13751
11 3146 2.47594
11 3148 2.83333
11 1546 2.01962
11 1042 1.98326
11 2858 1.86876
11 440 2.77076
11 441 1.88568
11 515 1.96024
11 50 4.06321
11 2355 3.80724
11 2282 2.02017
11 2359 2.16537
11 3809 2.27436
11 2791 4.00175
11 2795 4.24484
11 1059 4.23559
11 454 4.08143
11 1701 2.01259
11 3160 2.33333
11 2431 2.93922
11 1704 1.87705
11 2507 3.6263
11 1563 1.94201
11 1498 3.0442
11 1136 2.55358
11 531 4.0125
11 608 1.99102
11 3174 3.79705
11 3249 4.09374
11 3176 4.2031
11 1573 2.30505
11 3178 4.02511
11 104 1.96925
11 1213 4.09533
11 3755 1.9482
11 2883 4.08282
11 2959 2.42777
11 543 2.00868
11 3182 3.13382
11 85 2.14503
11 110 4.12663
11 88 1.89394
11 986 2.00686
11 1080 4.04381
11 551 2.18541
11 480 3.9959
11 481 2.06867
11 1089 4.09328
11 1732 1.75705
11 2539 4.04055
11 1665 2.20697
11 2396 1.86501
11 994 1.87427
11 2106 4.03277
11 2109 1.80847
11 1307 1.89099
11 708 1.9074
11 3418 2.90452
11 1673 3.72825
11 1747 3.72254
11 1244 4.18927
12 1252 4.58602
12 3362 1.44992
12 1193 4.64939
12 1198 4.74855
12 593 4.54731
12 813 4.00887
12 2804 4.76382
12 919 4.65577
12 923 4.49678
12 934 4.5707
12 3658 4.33905
12 1641 1.28282
12 111 1.14269
12 1221 4.64758
12 3265 1.91779
12 1303 1.42197
12 1233 4.72789
12 999 1.3158
12 3785 2.04329
12 1247 4.73132
13 2987 1.55859
13 648 1.64422
13 2628 2.58525
13 2054 1.72179
13 1259 4.27513
13 589 4.06901
13 2 1.67199
13 153 3.06785
13 1331 2.79431
13 2135 4.282
13 1262 4.08533
13 1196 4.34618
13 590 4.31741
13 1197 4.32213
13 736 4.21083
13 1198 4.05196
13 2640 2.54306
13 592 4.27563
13 2641 1.40591
13 593 4.37325
13 2571 1.58811
13 165 1.7131
13 316 4.30044
13 318 3.10866
13 1429 1.62296
13 1356 4.18091
13 1287 1.61538
13 329 1.63865
13 3036 4.35802
13 1291 2.56211
13 2094 1.73419
13 1009 1.7579
13 3479 4.47781
13 10 3.65288
13 260 4.20961
13 1370 1.80268
13 1372 3.91281
13 1446 1.71904
13 1374 4.21708
13 1375 1.56957
13 1376 4.25262
13 1377 4.42729
13 919 4.24693
13 2822 4.22378
13 2686 1.68057
13 21 4.01629
13 349 1.85388
13 1527 1.67746
13 780 1.91617
13 3494 1.97555
13 421 1.67068
13 1967 1.8976
13 1393 1.73924
13 2916 2.68875
13 434 1.69784
13 1610 1.64925
13 3070 1.57857
13 2414 2.00834
13 368 1.84971
13 296 4.11598
13 1544 4.27893
13 1479 1.67877
13 1049 1.47523
13 517 1.64791
13 50 4.29264
13 952 1.92478
13 1127 1.71429
13 1129 3.94559
13 380 1.73781
13 527 4.28571
13 60 1.68873
13 457 1.66257
13 459 1.71713
13 2002 4.35196
13 2005 3.0436
13 3745 2.27837
13 2006 1.52164
13 1204 4.36763
13 2871 2.6808
13 3175 1.70516
13 1210 4.32552
13 1216 4.30834
13 1073 1.70291
13 1722 1.72598
13 3256 1.64711
13 2528 3.70428
13 1580 1.50605
13 110 4.36972
13 1587 1.73243
13 2028 4.26409
13 2968 1.72187
13 3699 1.7526
13 552 4.30302
13 480 4.08288
13 3269 4.26603
13 2105 1.41929
13 1233 4.29187
13 1097 2.11356
13 3417 3
13 3418 2.35608
13 2470 1.71439
13 2617 2.15354
13 2115 4.26782
13 2046 4.36151
14 3354 2.26197
14 2997 4
14 1263 4
14 2572 2.01514
14 2731 2
14 3033 4
14 2243 2
14 3623 2
14 2826 2
14 2686 2
14 2762 2.98895
14 2692 2
14 2694 4
14 1968 2
14 3578 2
14 296 4
14 2920 4
14 1982 2
14 2858 2
14 3081 2
14 608 2
14 2959 2
14 1225 4
14 2396 2
14 2976 4
15 3421 1.46953
15 648 1.41945
15 3354 1.68063
15 2485 2.15969
15 141 1.4
15 2126 4.45207
15 2058 1.40287
15 3798 1.49994
15 2997 4.33333
15 653 2
15 2702 1.40793
15 2706 3.39187
15 2707 3.47262
15 587 4.5589
15 2490 1.4741
15 1909 1.57021
15 2567 1.45099
15 3298 4.05915
15 3004 4.40998
15 3005 1.64726
15 6 4.49757
15 1265 4.50731
15 805 4.4
15 1193 4.40973
15 733 1.53848
15 3510 4.45749
15 1196 4.59655
15 2712 2.1705
15 1198 4.42015
15 2640 3.3775
15 593 4.53423
15 1840 4.6
15 2571 1.56172
15 300 3.9435
15 2719 1.55356
15 231 1.63209
15 160 4.41512
15 1777 4.25821
15 161 4.26223
15 1411 4.33333
15 1343 1.52322
15 1271 3.37515
15 748 3.06461
15 2724 1.55425
15 1923 1.5689
15 2581 2.49012
15 3386 1.52938
15 1783 4.40962
15 1784 1.4
15 318 1.9007
15 1422 4.51546
15 3534 1.40723
15 3461 1.81224
15 3535 2.39611
15 2598 2.60183
15 2302 1.36746
15 1500 4.44396
15 3105 1.49552
15 257 1.52219
15 3108 2.77377
15 1291 4.32918
15 832 1.50627
15 762 4.60049
15 2676 3.23298
15 260 3.97616
15 3113 4.13236
15 266 3.07759
15 1370 1.61016
15 3623 1.43372
15 3624 1.58395
15 2826 1.60063
15 2683 1.71232
15 1883 4.68657
15 3489 1.56645
15 1885 4.56407
15 2688 1.81555
15 344 1.34765
15 2321 1.48094
15 1527 1.53743
15 2188 1.54247
15 780 2.73624
15 2908 1.56213
15 2762 3.42168
15 2763 1.59947
15 3566 4.61287
15 2694 4.42312
15 1892 4.59346
15 3499 3.54451
15 1968 1.52181
15 32 4.46464
15 356 1.96807
15 357 1.4999
15 1608 4.24149
15 2268 4.47698
15 1466 1.58188
15 1396 4.01746
15 2840 4.47632
15 2841 3.66667
15 3717 1.46144
15 2916 2.49206
15 3646 2.0643
15 500 2.31769
15 3578 1.49132
15 434 1.57476
15 364 1.39395
15 1610 1.53572
15 367 1.53012
15 3145 4.2585
15 368 1.77001
15 47 4.54182
15 1615 4.73608
15 296 4.4391
15 3147 2.45808
15 2272 1.54119
15 3148 1.45305
15 2273 2.01598
15 1617 1.64983
15 1619 2.44756
15 2278 1.61337
15 3723 1.36762
15 2858 1.36538
15 442 1.60052
15 517 1.43198
15 50 4.5134
15 2424 1.546
15 3081 1.73509
15 3155 1.65719
15 2427 3.9638
15 1625 3.6911
15 1485 2.22618
15 1487 1.46634
15 524 4.5687
15 380 1.41931
15 2501 3.63348
15 527 4.375
15 3160 2.75
15 1702 3.19712
15 457 1.60129
15 2506 1.42111
15 2433 4.48651
15 1704 1.46101
15 1639 2.16104
15 2000 3.37456
15 2001 3.81902
15 2002 4.45228
15 2006 2.02402
15 70 1.3836
15 539 1.56192
15 73 4.57093
15 3247 1.83333
15 3174 3.53466
15 1644 1.65382
15 3176 4.47813
15 1645 1.56953
15 3178 4.42705
15 104 1.64012
15 1210 4.0332
15 3753 3.61318
15 1213 4.55572
15 3755 1.57641
15 2881 4.51783
15 2882 1.48991
15 2959 2.7512
15 3256 1.50531
15 1580 1.63338
15 110 4.67312
15 1729 1.47779
15 2387 1.66532
15 2389 2.04733
15 2961 2.04633
15 2028 4.48862
15 553 4.51127
15 480 4.41871
15 628 3.2453
15 3261 4.44478
15 2605 2.0486
15 3408 3.62454
15 1804 4.49183
15 1805 4.49954
15 1732 1.41888
15 2391 1.66627
15 2539 4.27445
15 2394 1.57923
15 2396 1.60842
15 1597 1.62858
15 1092 2.82793
15 1810 1.54435
15 3418 2.00452
15 2617 3.02787
15 1672 1.6186
15 1673 4.03058
15 2115 4.61551
16 2987 1
16 2555 1
16 2629 1
16 1682 5
16 2485 1
16 2701 5
16 2568 1
16 3004 5
16 1269 5
16 2713 1
16 1911 1
16 3516 1
16 2643 5
16 2572 5
16 2720 5
16 2722 1
16 2723 5
16 2724 1
16 2581 1
16 2805 1
16 266 5
16 2828 5
16 2683 1
16 2761 5
16 2699 1
16 2856 5
16 2355 5
16 2369 5
16 3175 1
16 2888 1
16 2392 1
16 2394 1
16 2975 1
17 1179 4.31106
17 2553 2.73138
17 2554 3.00772
17 3863 4.02221
17 3793 2.88204
17 1253 4.42391
17 720 4.39957
17 2058 2.55693
17 1185 4.11851
17 3503 2.90901
17 589 4.23575
17 1909 2.64408
17 223 2.73487
17 3006 3.93147
17 1408 2.61436
17 3879 4.14566
17 1265 4.30935
17 1193 4.33814
17 3510 4.40106
17 1196 4.4517
17 590 4.40118
17 2640 3.47992
17 593 4.45271
17 595 3.69544
17 2571 2.55877
17 300 4.14232
17 3375 3.68078
17 235 2.58594
17 162 2.89538
17 163 3.17633
17 164 3.66267
17 2140 4.2431
17 1343 2.8278
17 1270 4.30644
17 1274 4.35264
17 741 4.3293
17 1921 2.70022
17 3527 2.63171
17 1923 2.6949
17 3457 2.644
17 2657 4.46178
17 316 4.3634
17 318 3.68764
17 319 3.89592
17 247 4.4514
17 1428 2.60539
17 1356 4.30771
17 750 3.67888
17 1284 4.30461
17 1358 3.57294
17 2660 4.31637
17 2661 4.06702
17 2662 2.70823
17 2663 3.89464
17 2664 4.01921
17 2667 2.58226
17 2668 3.23489
17 2599 2.69779
17 3032 4.48196
17 329 2.60737
17 3033 4.44489
17 3108 2.72442
17 2093 4.21721
17 3471 3.96187
17 260 4.38027
17 2311 2.68978
17 3114 4.28045
17 1370 2.65822
17 2173 2.57339
17 198 3.55997
17 913 4.31203
17 1374 4.26498
17 1376 4.24235
17 3624 2.60392
17 2752 4.1574
17 3484 4.49142
17 1019 3.41618
17 340 2.68526
17 24 2.64872
17 2321 2.56945
17 1527 3.12654
17 3700 2.74984
17 924 3.44985
17 3701 2.72803
17 3702 3.75433
17 780 3.45941
17 3703 2.69792
17 2901 3.96903
17 3704 2.84753
17 2908 2.60495
17 2762 2.78933
17 3638 2.76555
17 30 2.63717
17 32 4.2815
17 428 4.39281
17 1601 2.72976
17 356 3.26739
17 34 4.32006
17 2407 2.73289
17 2268 4.41042
17 1396 4.03914
17 3713 2.61398
17 866 2.84483
17 3717 2.68201
17 2916 3.66655
17 3576 3.97497
17 503 2.57037
17 3578 2.64239
17 1610 2.65803
17 293 2.70899
17 3070 2.43013
17 1614 3.17098
17 296 4.07389
17 3147 3.47748
17 3148 2.27424
17 2346 2.88299
17 1617 2.88763
17 942 4.35627
17 3658 3.61456
17 2858 2.41937
17 50 4.33539
17 446 3.50119
17 1624 3.17431
17 3156 3.64389
17 2355 4.17907
17 2282 2.69795
17 2287 4.47122
17 2288 2.69147
17 2289 4.40727
17 3662 4.24417
17 3594 2.67027
17 1127 2.2857
17 1129 4.14889
17 3300 3.8372
17 2501 3.64039
17 1997 3.99124
17 527 4.44444
17 454 4.40618
17 529 2.63429
17 457 2.62333
17 1704 2.58626
17 1635 4.41687
17 1200 4.28716
17 3744 3.22784
17 3745 3.15004
17 1206 4.25233
17 2009 3.18196
17 1069 4.37769
17 3246 3.24465
17 76 2.73994
17 3175 2.65435
17 1573 2.86772
17 2377 2.69368
17 2010 4.49616
17 2011 4.01439
17 3751 2.61216
17 1210 4.30028
17 3827 2.99083
17 1213 4.40317
17 3755 2.71822
17 1214 2.70648
17 1215 4.37291
17 610 4.0522
17 541 2.6272
17 1077 3.2262
17 2526 3.87844
17 3256 2.65528
17 2454 2.62897
17 2528 4.00552
17 2455 2.60091
17 1653 2.9068
17 1580 2.623
17 110 4.44412
17 2529 2.60158
17 1729 2.19631
17 1584 2.50194
17 2021 3.37282
17 2028 4.49995
17 3696 2.6927
17 3699 2.66849
17 2600 2.64615
17 480 4.51994
17 628 3.40029
17 3334 3.09662
17 3267 2.55648
17 3269 4.39895
17 2396 2.88178
17 1594 4.31778
17 1301 2.63454
17 2105 2.80532
17 707 3.45564
17 1097 3.10814
17 2613 3.06719
17 3417 3.66667
17 2542 4.39976
17 3418 2.82421
17 496 2.66819
17 2549 2.52546
17 1748 3.5703
17 1240 4.37794
17 2116 3.50108
17 2117 4.5918
17 2046 4.28513
17 2985 2.6443
18 2987 1.91138
18 2989 2.01646
18 2622 4.12045
18 648 2.06494
18 2628 2.4669
18 1682 3.40967
18 1683 1.77485
18 2123 1.88309
18 2052 1.62559
18 3793 2.23849
18 2054 1.74976
18 2993 4.03746
18 1185 3.45938
18 1259 4.08509
18 1186 4.1977
18 653 4
18 2701 3.23376
18 586 4.11037
18 3438 1.93337
18 1907 1.71997
18 588 1.88321
18 3439 4.21042
18 589 3.92357
18 222 2.32098
18 1 4.2934
18 2 1.79513
18 153 2.56651
18 158 2.42983
18 2133 2.24619
18 2137 3.46397
18 1408 1.71429
18 3877 1.81184
18 2139 3.41217
18 1193 4.12089
18 1196 4.11966
18 590 4.17679
18 3440 4.08905
18 1197 4.17498
18 736 4.03773
18 1198 4.14547
18 737 3.65339
18 592 4.35891
18 594 4.08146
18 595 3.52552
18 596 3.84618
18 2718 1.76493
18 3448 3.49351
18 2573 1.72168
18 1918 1.65995
18 302 2.268
18 232 1.80647
18 163 2.73914
18 2140 4.09878
18 1411 3.66667
18 2141 2.87113
18 2142 4.21186
18 168 1.82979
18 2143 4.241
18 2145 3.15385
18 1344 2.01929
18 1271 3.3844
18 2076 4.11891
18 1274 4.10004
18 741 3.95381
18 1275 4.14358
18 2078 1.81343
18 2723 4.01596
18 3526 2.80499
18 3527 2.07381
18 313 1.76707
18 1784 1.6
18 249 2.52745
18 2153 2.78152
18 2080 1.74609
18 2081 1.8004
18 2082 3.69144
18 2083 1.68415
18 1282 4.2667
18 2085 1.79675
18 1357 1.87872
18 2087 2.21269
18 2089 2.06459
18 3461 2.46939
18 2807 2.02692
18 2735 1.96783
18 2739 1.82782
18 3396 1.97231
18 3397 1.84133
18 3398 3.71088
18 3399 3.93197
18 327 1.68269
18 1500 4.33629
18 3034 3.62156
18 3108 2.28206
18 2090 1.59636
18 902 4.04261
18 2093 4.19808
18 1291 2.15288
18 2167 1.6
18 2096 2.47016
18 1367 4.26226
18 838 3.80765
18 839 1.81853
18 1005 4.33672
18 1873 4.04438
18 3479 4.0805
18 405 3.10446
18 10 2.83374
18 1876 4.14019
18 260 4.25129
18 261 2.33841
18 262 2.38429
18 266 2.6232
18 17 4.25749
18 2248 1.79441
18 1377 4.06514
18 1378 2.01029
18 1379 1.97119
18 3623 1.6769
18 919 4.01677
18 1013 4.27547
18 2826 2.0394
18 778 3.79602
18 1954 2.11579
18 1882 4.11818
18 412 1.71693
18 1956 2.27753
18 2686 1.8476
18 3489 1.83627
18 26 4.52874
18 29 3.64701
18 2253 4.06243
18 920 3.98916
18 1527 3.09555
18 780 2.82034
18 3703 1.83898
18 1387 1.84545
18 3704 2.18616
18 3705 2.03369
18 3633 1.68104
18 783 3.7
18 3635 3.76367
18 1022 3.64795
18 1960 4.22912
18 2763 2.45505
18 3639 1.88831
18 1025 1.7791
18 3494 2.10762
18 421 2.0295
18 1028 2.15715
18 1029 3.85847
18 1967 1.96063
18 1968 1.80443
18 353 4.27282
18 2402 2.70999
18 34 4.2853
18 2404 1.6397
18 1606 3.75701
18 2336 1.84185
18 288 3.29538
18 2193 2.05736
18 1391 2.42028
18 2194 1.85108
18 2268 4.20297
18 1396 3.54956
18 2916 2.73232
18 1032 3.34533
18 1036 1.9848
18 3578 1.83763
18 434 1.72904
18 364 1.89055
18 291 4.01473
18 292 2.65259
18 44 1.81105
18 2414 2.66418
18 367 1.75825
18 368 2.03645
18 47 4.15095
18 296 3.58499
18 48 2.46333
18 1617 2.11879
18 1544 3.92297
18 2348 1.65092
18 940 3.94804
18 2278 1.94008
18 3723 2.21658
18 2858 1.69749
18 1049 2.22058
18 50 4.02048
18 2422 2.05545
18 377 4.02274
18 1552 2.38317
18 2355 3.86994
18 3668 3.95886
18 2797 3.06104
18 380 2.62584
18 527 4.09524
18 454 4.17944
18 1702 2.48793
18 2291 4.04702
18 1635 4.16972
18 1562 1.76405
18 2294 1.5111
18 1639 3.43826
18 2000 2.99038
18 2001 3.98927
18 2002 4.24323
18 1200 4.00606
18 1499 2.98489
18 1201 4.21156
18 2005 3.06866
18 2006 1.81307
18 969 2.16488
18 2872 3.98239
18 1207 3.98644
18 2947 2.08785
18 2948 1.87835
18 1064 4.01612
18 531 4.24665
18 532 3.73807
18 466 2.15808
18 2370 3.5
18 3247 2.08333
18 1643 3.52301
18 3175 1.75539
18 2373 1.95212
18 2375 3.5293
18 3751 1.98182
18 1210 3.40994
18 3753 3.8367
18 2951 3.71487
18 2014 1.86932
18 2953 1.87207
18 1215 4.09776
18 2018 3.61769
18 2019 4.37661
18 1073 2.39257
18 2959 2.03701
18 616 1.74724
18 546 2.54931
18 3252 3.25351
18 2450 2.67939
18 1721 3.1498
18 475 1.6758
18 3255 1
18 3257 1.69528
18 1580 2.05277
18 110 3.95688
18 86 2.525
18 1654 2.31763
18 2384 1.85472
18 1587 1.94109
18 2020 1.8108
18 2021 3.69957
18 2025 1.94924
18 2028 4.41228
18 2893 1.74762
18 3698 1.80659
18 551 1.93906
18 552 3.94678
18 555 1.91535
18 1801 1.75974
18 1089 4.10497
18 3260 3.0715
18 1804 4.12999
18 485 1.91942
18 1805 3.84132
18 1732 1.92807
18 2391 1.96618
18 95 3.44891
18 1591 3.83027
18 3269 4.0857
18 2394 1.6829
18 1739 1.72543
18 2100 2.24408
18 2105 1.99549
18 1234 4.1999
18 1097 1.80369
18 493 2.70691
18 2542 3.55445
18 3418 3.12479
18 2470 2.10706
18 2617 1.7458
18 1676 3.375
18 1678 1.80649
18 208 1.91266
18 2115 4.23636
18 2042 1.66244
18 1240 4.179
18 2116 3.23653
18 1242 3.49506
18 1246 4.07789
19 2987 1.67886
19 2989 2.4155
19 3421 1.74614
19 2622 4.15403
19 648 1.70418
19 2628 2.88023
19 1753 2.51089
19 1682 3.70266
19 1756 1.67717
19 1321 1.63428
19 3863 3.99508
19 2990 2.09335
19 3793 1.91968
19 720 4.06701
19 2993 4.26767
19 1327 3.23192
19 1258 4.13716
19 2700 2.14437
19 1259 4.27347
19 1188 1.76472
19 2633 1.71241
19 2707 3.34273
19 2490 1.67914
19 588 1.76052
19 589 4.17697
19 2638 4.1447
19 1909 1.71293
19 2568 2.05505
19 223 1.78535
19 1 4.32053
19 1407 1.89474
19 1334 3.98592
19 1261 4.2498
19 2137 2.89567
19 2064 4.22905
19 1262 4.26806
19 2139 3.54004
19 1265 4.25219
19 1339 1.71877
19 1193 4.26411
19 733 1.67563
19 3510 4.24611
19 2710 1.73202
19 1196 4.34626
19 1197 4.2964
19 1198 4.17841
19 2713 1.81874
19 2640 3.3861
19 1911 1.70768
19 592 4.36163
19 593 4.39797
19 594 4.01807
19 2716 3.0104
19 595 3.52697
19 2717 2.62593
19 2644 1.74171
19 2571 1.61245
19 596 4.30151
19 2719 1.7086
19 2646 2.02585
19 2647 1.7829
19 2574 1.70303
19 1918 1.669
19 1772 2.76186
19 2648 4.28512
19 2649 1.74545
19 165 1.74193
19 1340 3.41649
19 1270 4.28859
19 1345 4.01685
19 741 4.2329
19 1275 4.30207
19 2078 1.77037
19 1277 4.26471
19 1278 4.04467
19 2720 4.10908
19 3527 1.81593
19 2653 4.32279
19 318 3.40146
19 1350 3.41806
19 2080 1.69558
19 2081 1.66714
19 1282 4.32493
19 2085 1.75046
19 1356 4.20094
19 2087 2.06987
19 2089 1.92332
19 3461 2.46482
19 2662 2.29784
19 1792 2.94919
19 2599 1.78566
19 329 1.65507
19 1431 1.80928
19 1291 3.0271
19 2094 1.72037
19 2096 2.0537
19 3471 3.25841
19 2746 2.09767
19 330 3.07259
19 405 2.56194
19 10 2.92905
19 260 4.24603
19 3114 4.04064
19 17 4.28834
19 1370 1.82195
19 1371 1.65861
19 198 3.13728
19 1372 4.0527
19 1373 4.34512
19 1374 4.17336
19 1375 1.73503
19 842 1.72004
19 1376 4.22737
19 3623 1.64593
19 919 4.26317
19 3624 1.67571
19 3552 1.89977
19 2683 1.67091
19 2687 1.73313
19 2321 1.65945
19 2324 1.71433
19 1527 2.72923
19 3701 1.99588
19 1387 1.74337
19 3633 1.71347
19 3635 4.21713
19 858 1.57143
19 2761 1.92574
19 1022 3.93196
19 2762 2.65637
19 3638 2.04717
19 2836 3.58514
19 1961 4.34479
19 3639 1.81744
19 1025 1.73087
19 2692 2.07187
19 420 1.71627
19 2694 4.27759
19 1029 3.92694
19 2699 1.74728
19 32 4.2189
19 356 2.52309
19 34 4.29719
19 3208 1.9331
19 2336 1.67324
19 1608 4.09571
19 2338 4.24645
19 2195 1.92514
19 2841 3.71429
19 3717 1.73729
19 2918 1.71636
19 1036 1.74626
19 1974 1.73521
19 3213 4.08724
19 364 1.81036
19 1610 1.71974
19 2414 2.92319
19 368 1.89717
19 47 4.32668
19 940 4.2456
19 2782 1.82428
19 1982 1.65079
19 2858 1.58701
19 2789 3.95746
19 2423 1.70836
19 3081 1.76866
19 377 4.04243
19 3082 3.56345
19 2353 1.71805
19 1552 2.02915
19 2428 1.95398
19 2355 3.87499
19 2860 2.10376
19 2790 4.23624
19 1127 1.61538
19 3596 1.68712
19 1994 1.75975
19 380 2.08541
19 1997 3.4311
19 527 4.11111
19 2502 2.60113
19 457 1.65258
19 2366 3.68205
19 2367 1.66801
19 2296 1.67592
19 2000 2.84528
19 2001 4.19225
19 2002 4.22343
19 1200 4.15638
19 2004 1.64712
19 3744 2.64144
19 1206 4.2293
19 2947 2.12015
19 2948 1.78438
19 2949 1.68363
19 3174 2.5316
19 76 1.79834
19 3175 1.71213
19 1717 1.71619
19 1644 1.84638
19 3176 4.26103
19 1645 1.69339
19 1573 2.40991
19 2376 1.89886
19 1210 4.04558
19 3752 1.82659
19 1214 2.09489
19 1215 4.28239
19 1219 4.2373
19 1073 1.87044
19 2959 1.72131
19 1148 2.19421
19 2888 1.6641
19 3325 1.74588
19 1722 1.74181
19 1650 2.9554
19 2454 1.70142
19 2455 1.64811
19 1580 1.56111
19 110 4.29444
19 2529 1.68226
19 111 2.74043
19 1655 1.72125
19 1584 1.62454
19 2021 2.99189
19 1220 4.06771
19 2028 4.4198
19 1080 4.22537
19 2600 1.71598
19 480 4.24858
19 3409 1.68159
19 2393 1.69147
19 2394 1.71686
19 1597 1.85772
19 2103 4.2205
19 1301 1.73514
19 1307 1.61916
19 1234 4.30076
19 1090 1.72555
19 2976 4.23287
19 1097 2.50532
19 3273 4.09477
19 2115 4.36426
19 1240 4.31693
20 648 2
20 3863 2
20 589 5
20 1694 2
20 2641 2
20 1912 2
20 2571 2
20 3527 2
20 1923 2
20 1371 2
20 1375 2
20 1527 2
20 1468 2
20 3717 2
20 3578 2
20 47 5
20 1617 2
20 2858 2
20 457 2
20 70 2
20 3753 2
20 110 5
20 2028 5
20 1240 5
21 2987 1.84183
21 2700 2.96521
21 2701 2.02551
21 585 4.36264
21 588 1.5
21 3000 4.40938
21 1 4.66897
21 596 4.4367
21 1274 4.46453
21 2800 1.54616
21 3053 2.36615
21 3704 2.42994
21 2761 2.00548
21 2355 4.4829
21 2294 1.58504
21 3745 2.49607
21 1645 1.44171
21 1210 2.13852
21 2018 4.40038
21 3268 1.69047
21 2394 1.44326
21 3774 1.43193
22 2987 1.96313
22 648 2.2183
22 3355 2.02747
22 2628 2.19279
22 3358 2.26104
22 216 2.22659
22 1687 2.18638
22 145 2.17331
22 1689 2.15163
22 2122 2.41486
22 2124 2.55351
22 2054 2.08574
22 1253 3.83597
22 3868 2.18739
22 3869 2.31398
22 2997 3.9
22 1259 3.90398
22 585 3.97797
22 586 3.90317
22 587 3.98472
22 3438 2.4501
22 2490 2.03545
22 589 3.93557
22 1909 2.08421
22 223 2.1712
22 2133 2.57262
22 2134 3.7743
22 1405 2.08487
22 1261 3.8469
22 2064 3.70362
22 1408 2.12498
22 2138 3.71691
22 2139 3.08583
22 1265 3.65787
22 733 2.12162
22 1196 3.8379
22 663 3.06599
22 1197 3.81435
22 736 3.80329
22 1198 3.75284
22 592 3.95858
22 2716 3.40935
22 2717 3.46831
22 2571 2.15487
22 2572 3.95102
22 1917 2.15692
22 230 3.66441
22 231 2.30766
22 161 3.5087
22 163 3.2955
22 165 2.19529
22 3016 3.38994
22 2141 2.59844
22 3017 2.54781
22 2072 3.47499
22 1270 3.84679
22 1347 2.22057
22 1278 3.85292
22 818 2.39427
22 3450 2.07688
22 1921 2.04894
22 3526 2.21706
22 3527 2.03951
22 1923 2.1193
22 312 3.46036
22 3388 3.47623
22 316 3.82409
22 3020 3.83327
22 318 2.41099
22 173 2.1303
22 248 2.13006
22 2150 2.3
22 2081 2.14592
22 1425 3.82309
22 1282 3.86956
22 1429 2.00576
22 1358 2.81203
22 1288 3.92854
22 3608 2.22378
22 3535 2.14098
22 1792 2.28437
22 180 2.11973
22 2302 2.47394
22 1799 2.2023
22 256 2.23019
22 3033 3.89461
22 257 2.03143
22 3107 3.78085
22 185 2.04084
22 3037 3.86083
22 2163 3.77207
22 3039 3.08685
22 1291 3.49854
22 1438 2.3532
22 833 2
22 908 3.8867
22 2671 3.87007
22 2746 2.6579
22 330 3.7105
22 10 3.06473
22 1876 3.86657
22 333 2.59753
22 3113 3.70124
22 16 3.77477
22 1370 2.19325
22 910 3.83271
22 1517 3.08898
22 2174 2.28212
22 2249 2.3708
22 1377 2.89674
22 771 3.36764
22 919 3.79941
22 3624 2.07856
22 3552 1.9881
22 849 2
22 2826 2.06879
22 1953 2.16326
22 1882 3.71844
22 1883 3.84778
22 1884 3.65788
22 3120 3.42594
22 344 1.97319
22 2320 2.33291
22 2321 2.13342
22 3052 2.32534
22 2324 2.14126
22 1527 3.07535
22 1385 3.9924
22 780 3.26027
22 2189 2.44376
22 1020 3.88515
22 784 2.29869
22 858 1.66667
22 2762 2.39118
22 2763 2.84529
22 1967 2.20866
22 353 3.95485
22 2699 3.06508
22 32 3.76386
22 429 2.1106
22 3208 2.5106
22 2406 3.23174
22 1606 3.26653
22 39 3.93171
22 2263 2.27005
22 288 3.43965
22 1608 3.60835
22 2338 3.95031
22 2265 3.80906
22 2193 2.01662
22 1391 2.45031
22 2195 2.11367
22 1394 2.09998
22 2916 2.44505
22 2918 2.11154
22 500 2.9109
22 1034 3.15678
22 798 2.09497
22 799 2.31231
22 1036 2.26206
22 3578 2.13229
22 1974 2.18328
22 1037 3.46779
22 434 2.09105
22 292 2.54715
22 2413 3.72438
22 2416 2
22 368 2.09887
22 47 3.87948
22 296 2.75354
22 2273 2.47496
22 1544 3.76475
22 2348 2.4494
22 1476 3.60788
22 1479 2.12509
22 2858 1.97664
22 1047 3.92657
22 442 2.08984
22 370 3.46232
22 2423 2.1077
22 377 4.01277
22 1625 3.26732
22 1552 2.14537
22 2428 2.43912
22 1485 2.43451
22 3660 3.60744
22 3661 2.06413
22 3809 2.02222
22 2791 3.71478
22 2792 2.07912
22 1991 2.57642
22 1127 2
22 2794 2.05657
22 2795 3.82966
22 3300 2.65849
22 1994 2.18526
22 2797 2.63433
22 380 2.28149
22 454 3.91612
22 2502 3.45936
22 3160 3.14286
22 457 2.1823
22 65 2.085
22 2291 3.86299
22 1566 2.16402
22 1200 3.50632
22 2003 3.78396
22 2004 2.08245
22 2005 3.25756
22 1205 3.86713
22 1136 2.19977
22 532 3.8209
22 608 2.10423
22 70 2.08266
22 3243 3.43757
22 466 2.29637
22 2371 3.33121
22 3247 2.72727
22 3174 2.84798
22 3176 3.77985
22 2374 3.53455
22 1573 2.40122
22 2376 2.05891
22 104 2.17989
22 2011 3.07261
22 2012 3.92338
22 1210 3.45046
22 3826 2.07249
22 3753 3.39955
22 1214 2.32243
22 1215 3.79861
22 610 3.02576
22 1073 2.19129
22 542 2.66667
22 543 2.13578
22 546 3.22852
22 473 2.83001
22 474 4.00027
22 2450 3.19613
22 81 2.31285
22 3253 2
22 3254 3.14995
22 3257 2.13361
22 1653 2.43726
22 1580 2.35427
22 110 3.72349
22 3258 2.06594
22 111 3.50818
22 112 2.38048
22 1584 2.13029
22 3835 2.16667
22 1222 3.85872
22 1225 3.74627
22 1080 3.73544
22 3698 2.18318
22 480 3.71628
22 555 2.06133
22 1089 3.77211
22 485 2.54563
22 1732 2.56781
22 2391 2.16591
22 95 3.2633
22 3267 2.53164
22 2393 2.03183
22 2395 2.61501
22 2396 2.80758
22 2100 2.257
22 1597 2.09018
22 2108 3.82398
22 708 2.15982
22 1097 2.75708
22 2542 3.9424
22 2470 2.46952
22 2617 2.45147
22 1673 3.76844
22 1747 3.81499
22 1748 2.4096
22 2478 2.06395
22 1676 3.57143
22 208 2.2483
22 1240 3.92547
22 2046 3.83756
22 2985 2.02344
22 1246 3.88638
22 1247 3.91445
23 1248 3.95477
23 1249 2.95026
23 3420 2.11579
23 1179 3.96687
23 648 2.11916
23 2553 2.40592
23 2554 2.65307
23 2628 3.11518
23 3358 2.25418
23 1320 4.04133
23 3793 2.74225
23 2054 2.00939
23 1252 4.18121
23 720 3.98778
23 2997 3.33333
23 1258 3.82594
23 3503 2.72533
23 1188 2.06809
23 3505 2.20691
23 1189 3.77546
23 3507 3.55161
23 3435 1.91312
23 659 2.66614
23 589 4.09502
23 1909 1.99456
23 3000 4.01124
23 1 4.15128
23 2 2.25763
23 6 3.9325
23 1407 1.85714
23 2064 3.87951
23 3877 2.03468
23 1265 3.9663
23 3510 4.0331
23 1267 3.38275
23 661 3.40032
23 1269 3.86052
23 1196 3.94476
23 2712 2.17641
23 2640 3.08911
23 1199 2.83999
23 592 4.34337
23 2641 2.38147
23 1912 1.98167
23 593 4.04092
23 2642 1.95499
23 2643 3.62762
23 595 3.7455
23 2571 1.76199
23 1845 3.46602
23 161 3.71845
23 235 1.9168
23 162 2.88798
23 2140 3.98745
23 1343 2.32096
23 2149 2.66667
23 1274 3.89491
23 745 1.87724
23 2722 2.03112
23 674 2.10617
23 3525 2.04823
23 748 3.19858
23 3527 2.14968
23 2726 2.06021
23 2657 3.55937
23 1784 1.66667
23 316 3.96198
23 317 3.90168
23 319 3.65462
23 1356 4.26174
23 750 3.29571
23 2808 2.03234
23 3396 2.30756
23 3101 3.59287
23 2599 2.14115
23 327 1.97644
23 3104 3.5
23 1500 3.89329
23 3032 3.85072
23 329 2.02946
23 3108 2.71477
23 187 2.15028
23 2091 2.79694
23 903 3.96686
23 904 4.01885
23 908 4.05287
23 3471 3.46627
23 3618 2.1369
23 3474 2.22734
23 1009 2.03949
23 3479 3.93704
23 1876 3.96044
23 260 4.13653
23 11 4.08973
23 2311 2.06048
23 16 4.05983
23 2241 3.46825
23 3044 2.8536
23 196 2.32409
23 1517 3.32852
23 911 3.87983
23 198 2.72958
23 2174 2.98971
23 1372 3.60336
23 2176 2.09481
23 1375 2.191
23 915 3.98602
23 1376 3.98097
23 3624 1.94546
23 3551 2.52761
23 3556 3.86167
23 1953 1.90932
23 1019 3.10678
23 3489 2.05169
23 1958 2.16817
23 1885 4.07415
23 21 3.81206
23 2322 3.82664
23 348 2.0356
23 3052 2.01183
23 29 3.73372
23 2253 4.00571
23 1527 2.73485
23 3700 2.08977
23 2259 2.07863
23 924 3.40973
23 3701 2.27281
23 3702 3.57705
23 780 3.10817
23 3703 2.28049
23 2901 3.52418
23 1388 1.98335
23 3634 3.69574
23 3708 3.355
23 858 1.75
23 2761 2.17392
23 2762 2.55464
23 3638 2.28747
23 2692 2.38799
23 1965 2.28751
23 1967 2.2656
23 2699 2.01859
23 32 3.87335
23 34 4.06628
23 357 2.07553
23 2407 2.10022
23 39 4.29319
23 2409 2.0198
23 2193 2.16182
23 2268 3.97504
23 1396 4.04135
23 866 2.16671
23 2916 3.12798
23 2917 3.29292
23 3576 3.70284
23 1036 2.17186
23 3578 2.02561
23 431 2.13435
23 435 1.94799
23 2410 1.87507
23 2411 2.27366
23 1610 2.02547
23 293 2.04392
23 3070 2.04431
23 45 2.58094
23 367 1.96228
23 47 3.99516
23 296 3.47488
23 3147 2.99965
23 2419 3.74154
23 1617 2.46757
23 1544 4.0576
23 2278 2.02953
23 2858 2.02657
23 442 2.02644
23 50 3.90136
23 52 3.99554
23 377 3.98357
23 1625 3.0893
23 2355 3.5188
23 951 4.02928
23 2288 1.9702
23 2289 3.95504
23 3809 2.24967
23 1127 1.66664
23 521 4.02739
23 1129 3.92194
23 3300 3.51093
23 1994 2.07063
23 2797 2.77715
23 1997 3.70702
23 2502 2.71199
23 60 2.29247
23 457 1.95585
23 2000 2.91922
23 3740 3.59044
23 3741 2.32752
23 1200 3.78232
23 2005 2.77538
23 1204 3.91529
23 2871 2.81496
23 2872 3.7184
23 1206 3.87914
23 2009 2.91945
23 2948 2.16027
23 608 1.98695
23 2511 3.94801
23 70 2.09587
23 76 2.08797
23 3175 2.06865
23 1645 1.97474
23 1573 2.3622
23 2011 3.38246
23 3751 2.07
23 2012 4.16806
23 1212 3.86156
23 2952 3.0316
23 1213 3.94209
23 1214 2.35804
23 1215 3.88828
23 610 3.72074
23 1218 3.57164
23 1219 3.71819
23 1073 2.17439
23 541 2.02787
23 1148 2.20429
23 1077 2.48219
23 3253 1.66667
23 3256 2.04571
23 2454 2.0461
23 2528 3.68416
23 2455 2.06441
23 1653 2.34112
23 1580 1.76057
23 2529 2.07412
23 111 3.09478
23 2384 2.11062
23 1729 2.33085
23 1584 1.90115
23 2021 2.87455
23 1221 4.01026
23 3763 3.69809
23 1222 4.17909
23 1223 4.00865
23 1227 4.00867
23 2968 1.99945
23 3698 2.07924
23 551 2.09823
23 3699 2.06168
23 2600 2.05446
23 480 4.06387
23 555 2.16333
23 2530 2.17806
23 1089 3.84621
23 556 3.44489
23 1805 3.27079
23 3338 2.88726
23 3265 3.04657
23 2390 1.99806
23 3266 3.90481
23 2391 2.17695
23 2393 1.99771
23 2395 2.8617
23 2396 2.23156
23 125 2.06267
23 2100 2.1942
23 3770 1.91724
23 2105 2.04499
23 2108 3.86843
23 1306 1.99311
23 2973 2.03217
23 1234 3.98984
23 1090 2.01452
23 1097 3.01177
23 493 2.84464
23 2542 3.99138
23 2617 2.17696
23 1747 3.5038
23 1674 2.02617
23 1748 2.94945
23 1676 3.2
23 1313 2.06813
23 1240 4.00452
23 2117 3.64986
23 2118 3.92965
23 1243 3.92957
23 2119 4.14253
23 1171 4.04826
23 3786 2.53458
23 2985 2.11408
24 2987 1.78025
24 3424 4.12289
24 648 1.79649
24 3354 1.91148
24 2628 3.01105
24 1259 4.23069
24 3361 4.03586
24 585 4.27952
24 3000 4.32124
24 153 3.36558
24 2132 2.00873
24 2064 3.92633
24 802 3.71676
24 1263 4.23484
24 1265 4.07073
24 1193 4.2553
24 590 4.29819
24 1197 4.26513
24 1198 4.0059
24 2640 2.99492
24 592 4.25721
24 593 4.30563
24 2716 2.41386
24 597 1.50789
24 3448 3.59381
24 303 1.72212
24 1777 4.09038
24 2144 4.0159
24 2145 2.125
24 1270 4.31831
24 2723 4.17899
24 3526 1.9565
24 2657 3.80136
24 1784 1.7
24 1788 2.01055
24 318 1.98886
24 175 4.07075
24 2081 1.71976
24 1358 2.28604
24 1288 4.2534
24 3608 1.99146
24 2734 1.82446
24 2301 1.69742
24 3104 4.5
24 329 1.68078
24 3039 2.69047
24 902 4.16611
24 1291 3.8976
24 1296 2.76894
24 3471 4.11493
24 2671 4.29427
24 260 4.01761
24 261 2.76913
24 266 3.09755
24 2243 2.01353
24 2245 4.25415
24 2174 2.05978
24 912 4.23915
24 2248 1.72905
24 1377 3.34966
24 919 4.15386
24 3552 1.85054
24 2683 1.73193
24 2757 3.13065
24 1958 1.76547
24 1959 1.69529
24 3129 1.90719
24 920 4.00907
24 3707 2.30743
24 858 1.33333
24 2836 2.8982
24 2692 2.22245
24 1027 3.67738
24 1965 1.88537
24 1968 1.75996
24 425 4.2255
24 2406 3.06619
24 2407 1.76306
24 1535 1.75608
24 1394 1.71
24 2915 4.12438
24 2918 1.71922
24 500 2.04049
24 364 1.85902
24 3072 1.97015
24 296 3.78532
24 2858 1.56294
24 372 3.04848
24 50 4.23088
24 2424 1.83131
24 3081 1.708
24 2352 3.6118
24 953 3.85063
24 2791 4.04341
24 2795 4.05653
24 1057 2.3881
24 2797 2.34354
24 380 1.8598
24 527 3.73207
24 3160 2.55556
24 1704 1.7444
24 1633 4.32272
24 1635 4.25968
24 1569 4.32152
24 2001 3.31676
24 608 1.71764
24 539 1.72256
24 468 4.01793
24 3175 1.70898
24 1213 4.30247
24 3685 3.8491
24 1073 1.92309
24 1079 4.25115
24 1721 3.24088
24 3254 2.89259
24 1580 1.59965
24 110 4.25207
24 1584 1.7225
24 1220 3.85414
24 2023 1.66569
24 1221 4.26689
24 1225 4.10406
24 2028 4.18691
24 3699 1.76232
24 2396 1.9486
24 2100 1.89049
24 1230 4.10588
24 1307 1.72934
24 1090 1.73879
24 1674 1.79337
24 208 1.7239
24 1247 4.29768
25 2987 1.41031
25 2628 3.0489
25 3793 1.71429
25 3798 2.04777
25 2700 1.40037
25 1831 2.30181
25 2709 1.75542
25 2490 1.40969
25 588 1.46762
25 1909 1.45769
25 223 1.47201
25 150 3.92068
25 157 1.43719
25 1196 4.57855
25 2712 1.41515
25 1198 4.47689
25 737 4.49809
25 2716 2.53907
25 2571 1.38908
25 1917 1.44467
25 2574 1.45126
25 1270 4.56089
25 1920 1.4543
25 1921 1.58455
25 1356 4.48987
25 2804 4.52271
25 688 2.93306
25 329 1.4646
25 1291 3.32995
25 2094 1.46541
25 2676 3.59141
25 1876 4.58214
25 260 4.53006
25 3114 2.9956
25 2173 1.4624
25 1371 1.45379
25 1372 4.27491
25 1373 4.63437
25 1374 4.54854
25 1375 1.37376
25 1376 4.53651
25 3623 1.51739
25 2683 1.48991
25 1882 4.56866
25 2324 1.42948
25 2253 4.57142
25 780 2.69893
25 1387 1.58942
25 2692 1.87923
25 2693 4.51253
25 1391 2.48989
25 3717 1.46432
25 3578 1.43664
25 435 1.44668
25 1610 1.4634
25 1544 4.65517
25 3156 2.58246
25 2355 4.34289
25 1129 4.41189
25 2501 2.88226
25 2502 1.91214
25 1704 1.49587
25 1639 2.95859
25 3745 1.7285
25 1205 4.54759
25 3676 1.42777
25 3174 2.43933
25 3175 1.43099
25 1573 1.70523
25 2011 4.06917
25 3751 1.48286
25 2012 4.53966
25 1210 4.11882
25 3753 4.30085
25 546 3.43546
25 473 1.78058
25 1653 2.08888
25 1580 1.2626
25 110 4.55594
25 2028 4.53333
25 480 4.49067
25 2393 1.45967
25 2541 4.24147
25 1676 1.33333
26 3421 1.83714
26 3422 2.06046
26 1179 4.08784
26 3423 1.73117
26 2622 3.90625
26 648 2.00481
26 3426 3.91257
26 2628 2.60886
26 1682 3.39359
