1 110 4.23253
1 147 3.06815
1 858 2.96825
1 1221 4.41963
1 1246 4.34919
1 1968 2.60636
1 2762 3.41131
1 2918 4.36575
1 2959 3.86834
1 4226 3.32149
1 4878 3.4231
1 5577 3.67308
1 33794 1.88462
2 5 2.72616
2 25 3.38152
2 32 3.49725
2 58 3.66793
2 64 2.61019
2 79 2.81712
2 141 2.8908
2 260 3.57037
2 339 3.38491
2 377 3.2671
2 605 3.07678
2 628 1.79861
2 648 2.21533
2 762 2.47521
2 780 2.5806
2 786 2.49045
2 788 3.87273
2 1210 3.95485
2 1233 4.08957
2 1356 2.58577
2 1475 2.66607
2 1552 2.5561
3 480 3.17936
3 500 2.68919
3 527 2.56653
3 858 2.09914
3 1092 2.57501
3 1097 2.42978
3 1270 3.07418
3 1968 1.76013
3 3101 2.8931
3 4474 1.35331
4 223 3.18305
4 415 2.72581
4 648 2.16237
4 1097 3.21619
4 1197 4.17688
4 1210 4.22374
4 1221 4.38134
4 1422 3.23341
4 1431 2.03491
4 1597 3.91371
4 1617 3.89572
4 1644 2.61005
4 1645 2.75641
4 1732 3.31637
4 1909 2.94375
4 1911 2.10276
4 2023 3.43667
4 2338 2.76735
4 2355 2.96866
4 2396 2.52005
4 2443 2.54228
4 2541 4.21333
4 2581 3.28699
4 2683 3.16264
4 2692 3.79601
4 2694 2.55552
4 2706 2.85948
4 2710 3.05064
4 2712 3.00632
4 2716 3.13438
4 2762 3.34715
4 2763 4.11807
4 2805 3.40425
4 2875 4.33676
4 2881 2.0765
4 2987 3.81389
4 3004 4.34182
4 3005 4.33227
4 3114 3.52261
4 3160 4.05105
4 3203 2.67634
4 3285 3.93447
4 3298 4.04063
4 3408 3.46474
4 3409 3.26364
4 3476 3.24802
4 3578 2.036
4 3623 3.37863
4 3751 2.87119
4 3752 3.00878
4 3753 3.61072
4 3798 2.49368
4 3908 3.69423
4 3909 2.84643
4 3977 2.79952
4 4014 3.11565
4 4084 3.77753
4 4226 3.22393
4 4238 3.1675
4 4848 2.80168
4 4896 3.03958
4 5679 3.23287
5 7 3.5544
5 157 3.23775
5 296 4.02872
5 541 3.15451
5 750 2.66374
5 858 3.28873
5 908 4.52997
5 1193 4.46477
5 1198 4.58116
5 1201 4.39773
5 1204 4.59581
5 1225 4.69151
5 1230 4.21862
5 1254 4.59146
5 1263 3.91305
5 1270 4.12205
5 1302 3.18596
5 1945 2.78779
5 2163 2.98385
5 2707 4.28773
5 2877 3.18712
5 3079 3.47895
5 3114 3.79657
5 3156 4.09997
5 3198 3.94707
5 3255 3.09365
6 11 3.25336
6 1198 4.16469
6 2565 3.2688
6 2628 3.49243
7 293 2.67522
7 318 3.18232
7 2571 1.55807
7 2858 2.74242
7 2959 3.52614
7 3535 2.92414
7 3948 2.49592
7 4022 3.07982
7 4306 3.65224
7 4896 2.50195
7 4993 3.38318
7 5618 2.88147
7 5810 3.50124
7 5816 2.82408
7 6377 1.98374
7 6934 3.59626
7 7153 3.38253
7 8368 3.41826
7 8533 3.30764
7 8961 3.05569
7 30793 3.01587
7 33794 1.17857
7 35836 3.06667
7 39183 2.70652
7 40815 3.26207
7 41566 4
8 1 3.55271
8 7 2.76937
8 44 2.24947
8 47 3.75718
8 170 3.10371
8 208 2.33437
8 318 2.92589
8 420 2.60336
8 553 3.55914
8 585 3.36228
8 647 2.39079
8 653 2.33644
8 784 2.71823
8 832 3.21227
8 852 1.69348
8 912 3.74778
8 968 3.07022
8 1037 3.05284
8 1210 3.65553
8 1211 3.807
8 1228 3.17061
8 1265 3.65938
8 1266 3.63909
8 1287 2.96396
8 1292 2.75663
8 1304 2.65652
8 1339 2.83298
8 1343 2.39634
8 1404 2.33691
8 1405 1.86911
8 1499 2.48667
8 1591 2.34617
8 1626 3.45403
8 1653 2.83908
8 1792 2.81974
8 1837 2.69394
8 1876 3.18098
8 1882 3.36207
8 1965 2.46026
8 1968 2.08077
8 2019 2.60614
8 2022 2.88326
8 2110 2.96113
8 2193 3.03304
8 2240 3.18058
8 2300 1.37899
8 2313 3.36551
8 2334 2.46674
8 2416 3.07082
8 2469 1.91404
8 2474 3.55043
8 2571 1.37586
8 2596 2.71302
8 2600 2.01748
8 2670 1.51033
8 2762 2.83566
8 2919 3.12403
8 2985 2.96606
8 3016 3.03588
8 3036 3.15124
8 3082 3.14292
8 3091 3.13182
8 3107 3.3031
8 3146 2.69565
8 3147 3.69645
8 3175 3.35501
8 3197 3.12804
8 3203 2.05642
8 3354 2.77812
8 3359 3.10684
8 3527 2.18786
8 3634 3.19566
8 3660 3.04628
8 3671 3.00335
8 3679 1.68138
8 3785 2.64326
8 3841 3.29312
8 3868 2.76085
8 3986 2.70826
8 4084 3.23774
8 4085 2.61175
8 4291 3.18167
8 4361 3.64668
8 4366 3.12732
8 4367 2.12687
8 4443 2.86892
8 4466 2.1065
8 4541 2.75035
8 4563 2.48764
8 4571 3.09829
8 4638 2.17865
8 4643 3.09932
8 4654 1.81547
8 4681 0.745592
8 4787 3.43909
8 4896 2.52397
8 4901 3.50386
8 4954 1.89072
8 4956 1.36491
8 4963 2.31925
8 4971 2.67781
8 4979 3.2978
8 4980 3.16302
8 4993 3.1279
8 5002 1.7643
8 5008 2.31125
8 5026 3.53119
8 5033 2.46321
8 5036 2.97363
8 5054 2.54541
8 5064 3.14282
8 5120 2.18505
8 5125 2.26708
9 1 4.1151
9 150 3.60796
9 342 3.84795
9 497 3.45646
9 594 4.19083
9 750 2.40058
9 852 2.21461
9 1059 4.23239
9 1079 2.92339
9 1183 4.34194
9 1188 4.41744
9 1197 4.27192
9 1207 4.32969
9 1246 4.27844
9 1262 4.18099
9 1291 2.50431
9 1304 3.11793
9 1391 2.78205
9 1527 2.89381
9 1653 3.41048
9 1676 3.44101
9 1682 2.3851
9 2245 2.8817
9 2321 2.5623
9 2324 3.44808
9 2355 3.16701
9 2395 3.3021
9 2396 2.52761
9 2571 1.83525
9 2640 2.9759
9 2762 3.39935
9 2858 3.12155
9 3114 3.43951
9 3408 3.34531
9 3535 3.4703
9 3538 3.72501
9 3717 3.11577
9 3751 2.8881
9 3793 2.48512
9 3948 2.89397
9 3967 2.31388
9 3969 3.72433
9 3996 3.3701
9 4014 3.09345
9 4027 4.12391
9 4103 3.71886
9 4226 3.21459
9 4246 3.76965
9 4306 4.00327
9 4308 3.63199
9 4367 2.72668
9 4370 2.84787
9 4848 2.76007
9 4878 3.23326
9 4881 3.64222
9 4886 3.18235
9 4896 3.10705
9 4963 2.80554
9 4973 2.50362
9 4979 3.96255
9 4993 3.84426
9 5013 3.35719
9 5016 3.73222
9 5151 2.575
9 5299 3.54363
9 5349 3.72102
9 5378 4.01259
9 5380 4.32024
9 5445 3.48347
9 5459 2.75772
9 5502 4.13691
9 5669 2.37424
9 5816 3.34944
9 5872 2.62765
9 5902 2.79941
9 5952 3.22472
9 5989 3.27292
9 5991 2.55985
9 6157 4.21167
9 6333 4.13003
9 6365 3.03499
9 6539 3.57186
9 6568 4.01998
9 7153 3.96442
10 150 4.1131
10 153 4.46559
10 165 3.41854
10 296 4.12599
10 344 4.08575
10 349 3.8672
10 380 3.69485
10 457 2.93241
10 588 4.70568
10 590 4.26738
10 592 3.97563
10 593 4.23993
10 595 3.57694
11 32 3.66323
11 34 3.15885
11 47 3.81321
11 110 3.78626
11 165 2.5388
11 231 3.29053
11 260 3.44226
11 296 3.36022
11 318 2.98672
11 344 3.28968
11 356 2.95293
11 364 2.82193
11 457 1.87202
11 480 3.56997
11 500 3.0204
11 520 3.39343
11 527 3.10115
11 593 3.3177
11 736 2.74457
11 750 1.9799
11 784 2.74728
11 1073 3.34518
11 1089 3.72637
11 1127 3.12981
11 1265 3.70974
11 1270 3.44737
11 1276 3.7515
11 1370 2.70543
11 1527 2.62236
11 1573 1.97257
11 1721 2.42066
11 1923 3.35586
11 2028 3.04708
11 2054 2.59824
11 2571 1.48203
11 2959 3.41614
11 3408 2.98001
11 3409 2.87665
11 3440 2.78795
11 3513 2.50605
11 3555 3.02504
11 3578 1.61948
11 3977 2.38268
11 4022 3.04799
11 4027 3.72269
11 4036 3.26563
11 4052 3.84214
11 4226 2.82509
11 4238 2.73588
11 4878 2.83774
11 4963 2.41234
11 4973 2.01624
11 4993 3.29735
11 4995 2.23594
11 5064 3.30335
11 5418 1.9987
11 5952 2.66328
11 5989 2.92757
11 6058 2.78392
11 6377 2.0797
11 6539 3.04507
11 6624 3.14131
11 6870 3.21135
11 6942 2.98732
11 7153 3.42164
11 7347 2.97632
11 7361 2.78894
11 7439 2.78562
11 8665 3.31357
11 27700 1.4375
11 33437 2.26293
11 33679 3.3481
11 33794 1.26812
11 36513 1.32937
11 37653 2.94531
11 37727 3.66079
11 37741 2.36386
11 40148 2.21132
11 40339 3.58896
11 42013 3.16552
11 43679 2.97445
11 44199 2.44052
11 44555 1.35119
11 45442 2.9878
11 45672 3.20853
11 45728 4.1
12 1 3.90916
12 16 3.84521
12 17 3.97421
12 29 4.04259
12 32 3.94782
12 34 3.64442
12 36 3.92856
12 47 4.10713
12 50 4.37119
12 73 3.68996
12 82 4.03132
12 97 2.71878
12 123 3.54631
12 125 2.03683
12 150 3.4911
12 155 3.51785
12 157 2.7752
12 160 3.59809
12 162 3.41495
12 175 3.95719
12 176 2.74404
12 194 2.94774
12 198 3.96089
12 223 3.07088
12 232 2.37276
12 235 3.05509
12 246 2.80032
12 247 3.66632
12 260 3.79188
12 273 2.64154
12 290 3.21016
12 293 2.78855
12 296 3.6793
12 301 2.98186
12 307 3.79108
12 309 2.78956
12 318 3.38846
12 322 2.39763
12 334 3.83971
12 337 3.22961
12 348 3.19597
12 356 3.34045
12 363 2.87295
12 373 3.10487
12 441 2.36285
12 446 3.50674
12 457 2.13552
12 475 2.4597
12 492 3.57643
12 497 3.2434
12 501 2.8254
12 523 3.35344
12 527 3.38329
12 529 3.11272
12 535 3.79649
12 541 2.67034
12 549 3.10057
12 555 3.09167
12 568 3.031
12 581 3.05637
12 589 3.63905
12 590 3.63382
12 593 3.7144
12 595 2.90768
12 608 3.51887
12 728 2.6174
12 735 1.98975
12 750 2.19858
12 759 3.5114
12 778 3.51736
12 800 2.59049
12 858 3.05909
12 866 2.46468
12 899 3.96033
12 903 4.0173
12 904 3.86527
12 912 4.1814
12 916 3.74594
12 926 4.13335
12 940 3.54961
12 953 4.09862
12 969 3.50376
12 994 3.59837
12 1023 4.1343
12 1036 2.48117
12 1041 3.87186
12 1059 4.06336
12 1060 3.52047
12 1079 2.7047
12 1080 3.3393
12 1086 2.43841
12 1089 4.09035
12 1111 3.14605
12 1120 2.8619
12 1132 3.58462
12 1136 2.95824
12 1147 4.08857
12 1148 1.87542
12 1172 4.19813
12 1177 4.16034
12 1184 4.21141
12 1185 3.95194
12 1192 4.27064
12 1193 4.07476
12 1196 4.33195
12 1197 4.06509
12 1198 4.14454
12 1199 4.14738
12 1206 4.18022
12 1207 4.20182
12 1208 4.18997
12 1211 4.22589
12 1213 3.90106
12 1214 3.76839
12 1216 3.98491
12 1217 4.17147
12 1219 3.91654
12 1221 4.26303
12 1224 4.17344
12 1225 4.26146
12 1230 3.78785
12 1233 4.31269
12 1234 3.78665
12 1240 4.20569
12 1242 4.07943
12 1245 4.06637
12 1246 4.14066
12 1263 3.49173
12 1264 3.96328
12 1270 3.67317
12 1273 3.84301
12 1277 4.00529
12 1279 3.8467
12 1280 2.24615
12 1285 2.63086
12 1289 3.12402
12 1291 2.73593
12 1293 3.63574
12 1299 2.8569
12 1354 3.56565
12 1356 2.95014
12 1357 3.86011
12 1358 2.51267
12 1394 2.27603
12 1449 2.88742
12 1499 2.97002
12 1517 2.98013
12 1537 2.655
12 1545 3.58732
12 1552 2.70963
12 1584 2.54952
12 1587 3.89704
12 1610 2.54152
12 1617 3.8035
12 1625 1.87697
12 1635 2.47637
12 1639 3.57485
12 1641 2.8837
12 1643 3.51131
12 1648 2.26393
12 1658 2.77177
12 1672 1.71209
12 1673 3.99889
12 1674 3.35655
12 1678 1.43906
12 1682 2.24782
12 1683 2.6069
12 1684 3.55478
12 1701 2.97554
12 1704 2.34644
12 1719 3.02603
12 1721 2.77637
12 1730 3.23289
12 1784 3.59443
12 1794 2.88867
12 1799 2.57792
12 1834 3.70304
12 1836 2.93722
12 1883 3.63438
12 1892 2.84725
12 1914 1.91882
12 1923 3.54965
12 1952 2.71929
12 1954 2.22298
12 1957 2.4905
12 1960 2.45548
12 1961 3.16937
12 1962 2.47314
12 2020 3.4886
12 2028 3.28299
12 2064 3.05602
12 2081 2.48907
12 2095 3.28062
12 2108 2.90267
12 2136 2.65249
12 2144 3.22106
12 2150 3.04707
12 2160 3.75292
12 2174 2.72003
12 2193 3.58202
12 2194 2.43094
12 2243 2.84754
12 2248 3.41229
12 2252 2.80341
12 2263 3.34084
12 2266 3.83192
12 2268 4.28491
12 2291 2.81226
12 2294 2.83024
12 2302 2.52266
12 2312 3.92378
12 2331 3.30046
12 2333 2.9672
12 2348 2.92118
12 2355 2.94398
12 2363 2.68167
12 2391 3.4668
12 2394 2.21174
12 2416 3.57086
12 2419 3.9954
12 2431 2.03621
12 2520 3.46941
12 2542 2.85433
12 2571 1.70497
12 2572 2.76215
12 2580 3.81476
12 2628 3.34175
12 2657 2.76034
12 2692 3.78925
12 2702 2.3643
12 2716 2.91139
12 2739 3.09591
12 2762 3.20709
12 2791 3.04258
12 2797 2.9977
12 2840 3.80151
12 2841 4.25522
12 2858 2.90472
12 2871 1.57626
12 2916 4.12811
12 2985 3.30806
12 2987 3.70493
12 2997 3.09527
12 3052 3.25882
12 3077 2.47868
12 3079 2.92405
12 3100 3.34588
12 4424 3.39632
13 1911 1.72082
13 1965 2.84625
13 2116 3.55405
13 2431 1.94502
13 3258 2.16698
13 3444 3.6882
13 6957 3.75783
13 33004 3.58333
13 43560 2.83981
14 293 1.42928
14 318 2.09867
14 2571 0.721494
14 2959 2.68937
15 6 3.86708
15 107 2.90375
15 135 3.72453
15 260 3.69381
15 293 2.65235
15 296 3.59718
15 348 3.09861
15 349 3.23609
15 362 3.05736
15 441 2.27476
15 531 3.79062
15 541 2.65076
15 555 2.77945
15 589 3.56892
15 599 1.73077
15 608 3.34793
15 733 4.07362
15 745 3.75605
15 750 2.16448
15 778 3.21408
15 838 3.03295
15 969 3.41004
15 1036 2.43033
15 1079 2.71493
15 1080 3.3318
15 1093 2.43738
15 1148 1.86214
15 1188 4.20349
15 1196 4.28669
15 1197 4.06305
15 1198 4.02929
15 1200 4.10729
15 1201 3.88708
15 1208 4.18006
15 1209 4.0134
15 1214 3.77895
15 1220 4.06597
15 1223 4.13136
15 1233 4.26624
15 1234 3.78693
15 1240 4.12634
15 1249 4.12707
15 1261 4.04287
15 1262 4.0136
15 1265 4.0396
15 1272 4.04503
15 1278 3.53407
15 1287 3.40641
15 1291 1.95385
15 1303 2.98268
15 1304 3.00604
15 1321 3.63771
15 1378 2.65095
15 1387 3.80484
15 1394 2.23962
15 1396 3.12007
15 1408 3.28533
15 1527 2.84767
15 1580 3.65733
15 1610 2.49032
15 1732 3.16997
15 1784 3.54231
15 1831 3.85564
15 1884 3.84395
15 1953 3.04107
15 1954 2.24103
15 1960 2.48194
15 2028 3.30135
15 2072 2.60981
15 2108 2.8506
15 2194 2.14912
15 2300 1.70608
15 2401 1.96315
15 2502 4.02505
15 2529 4.06818
15 2542 2.82083
15 2571 1.71643
15 2692 3.60595
15 2716 3.01254
15 2728 2.98046
15 2797 3.01451
15 2871 1.53398
15 2918 4.09274
15 2944 3.0084
15 2947 3.37825
15 2951 3.3372
15 2959 3.66341
15 2997 3.06933
15 3030 3.23086
15 3037 3.19657
15 3066 2.88565
15 3112 3.0368
15 3252 3.22336
15 3265 3.94347
15 3267 2.58883
15 3275 3.83388
15 3361 3.6592
15 3362 3.08776
15 3384 3.80089
15 3481 2.84934
15 3504 1.4925
15 3507 2.42221
15 3508 2.33375
15 3527 2.54635
15 3555 3.25556
15 3578 1.82823
15 3654 2.57747
15 3671 3.36061
15 3681 3.23701
15 3703 3.31615
15 3836 3.42838
15 3868 3.1421
15 3996 3.2287
15 4011 3.83531
15 4027 4.02423
15 4262 2.79275
15 4327 3.51598
15 4855 2.35941
15 4881 3.40962
15 4886 2.99508
15 4973 2.23481
15 4979 3.79309
15 5010 3.75863
15 5060 2.16761
15 5418 2.23587
15 5445 3.29573
15 5782 2.33455
15 5899 2.77476
15 5903 2.6381
15 6016 3.37546
15 6377 2.27163
15 6448 3.37048
15 6502 3.61296
15 6711 2.92385
15 6807 2.66713
15 6808 3.50109
15 6874 4.02416
15 6893 3.58872
15 6947 3.36878
15 7022 4.13166
15 7076 2.70912
15 7090 3.42619
15 7143 3.6252
15 7438 1.97923
15 7445 3.55026
15 7802 3.75891
15 7980 3.51511
15 8132 2.73021
15 8169 3.74215
15 8665 3.52997
15 8798 3.80081
15 8874 3.29061
15 8949 2.96636
15 8961 3.3745
15 26172 3.98989
15 26614 5.05233
15 27728 4.2617
15 27831 3.70175
15 27869 4.04289
15 31878 2.47637
15 32587 2.38462
15 33794 1.58989
15 34405 2.83522
15 36529 1.05102
15 37731 3.37143
15 37733 3.54197
15 38038 3.28371
15 38061 4.3871
15 39381 3.67197
15 41997 2.21429
15 44191 3.95238
15 44195 3.08578
15 45517 3.95575
16 32 4.6239
16 50 4.92107
16 111 3.96397
16 198 4.6041
16 260 4.41004
16 296 4.34409
16 316 5.02314
16 318 4.01026
16 380 3.8552
16 480 4.54379
16 541 3.43673
16 589 4.22808
16 593 4.35072
16 924 4.63257
16 968 4.32824
16 1036 3.22256
16 1080 4.02178
16 1089 4.68201
16 1129 4.3517
16 1136 3.66009
16 1196 4.91625
16 1198 4.6802
16 1200 4.75282
16 1206 4.7969
16 1208 4.82408
16 1210 4.76998
16 1214 4.45095
16 1220 4.69297
16 1222 4.56559
16 1240 4.78078
16 1241 4.20962
16 1255 4.42118
16 1261 4.67605
16 1270 4.4051
16 1288 3.90367
16 1291 2.60833
16 1320 3.97542
16 1321 4.33148
16 1527 3.59295
16 1580 4.38557
16 1653 3.96648
16 1676 3.9499
16 1682 3.05278
16 1690 4.17076
16 1732 3.96805
16 1884 4.58026
16 1982 4.56105
16 2105 4.41814
16 2174 3.53296
16 2193 4.27411
16 2288 4.15833
16 2329 2.86739
16 2455 4.30839
16 2528 4.55708
16 2571 2.49741
16 2662 4.00725
16 2791 3.80465
16 2858 3.63893
16 2916 4.75498
16 2959 4.41022
16 2985 4.04308
16 2997 3.78993
16 3018 3.86941
16 3033 4.23021
16 3147 4.78949
16 3156 4.33822
16 3275 4.53953
16 3300 4.4297
16 3527 3.28206
16 3698 4.5677
16 3702 3.78291
16 3703 4.02658
16 3704 4.20068
16 3868 3.8816
16 3917 4.3271
16 4011 4.52068
16 4226 3.91159
16 4239 4.17114
16 4262 3.56947
16 4553 4.33435
16 4878 3.90527
16 4975 4.10348
16 4995 3.26868
16 5254 4.13977
16 5445 4.03584
16 5669 3.09974
16 5853 3.71586
16 5903 3.34251
16 5989 3.81501
16 6016 4.04919
16 6502 4.29227
16 6537 4.17711
16 6731 3.862
16 7153 4.37211
16 7202 4.02162
16 7387 4.45416
16 7984 2.46345
16 8464 4.18631
16 8501 3.92234
16 8622 4.38395
16 8644 4.38801
16 8861 3.7796
16 8985 4.08184
16 26558 2.61801
16 27846 2.28652
16 31658 5
16 34292 4.34615
16 34405 3.67794
16 37386 3.96994
16 42738 3.622
16 44191 4.73077
17 356 3.7429
17 593 4.02199
17 597 4.46443
17 1089 4.47795
17 1753 3.34022
17 2109 3.50308
17 3210 4.28456
17 3987 3.69124
17 4020 3.19344
17 4023 3.27527
17 4143 4.43179
17 4149 1.98032
17 4155 2.96016
17 4159 4.07001
17 4161 3.54635
17 4226 3.46869
17 4228 3.73445
17 4239 3.76473
17 4247 2.49106
17 4265 2.95101
17 4270 3.69336
17 4310 3.90973
17 4718 3.17607
17 4745 2.39744
18 81 3.95445
18 912 4.31728
18 1193 4.18329
18 1270 3.8002
18 1295 1.7458
18 3005 4.34651
19 327 1.44228
19 481 1.39614
19 880 2.58821
19 1125 2.89025
19 1175 2.79838
19 1292 1.8555
19 1298 0.881822
19 1411 0.903196
19 2108 1.83361
19 2109 1.86346
19 2160 2.38853
19 2371 2.23848
19 2378 0.884482
19 2948 1.99511
19 3868 2.08595
20 1 4.11575
20 39 3.66196
20 150 3.75963
20 161 4.30212
20 216 2.8446
20 260 3.98929
20 296 3.89184
20 344 3.80216
20 345 4.01827
20 364 3.38223
20 367 3.2212
20 370 4.04038
20 410 3.10111
20 480 4.06557
20 520 3.90072
20 551 3.15577
20 588 4.38747
20 595 3.16748
20 741 3.55523
20 780 3.30316
20 858 2.98347
20 899 4.16454
20 908 4.20394
20 911 4.12686
20 912 4.34247
20 915 4.12573
20 919 4.0074
20 920 4.25613
20 936 3.7099
20 946 3.55635
20 1025 3.117
20 1028 4.18144
20 1031 3.95532
20 1080 3.61096
20 1136 3.06641
20 1148 2.20247
20 1196 4.48678
20 1197 4.30622
20 1210 4.31354
20 1220 4.26925
20 1221 4.41849
20 1230 4.01415
20 1234 4.05811
20 1265 4.257
20 1270 3.98656
20 1422 3.34568
20 1485 2.73269
20 1517 3.25854
20 1527 3.0213
20 1566 3.69314
20 1573 2.47687
20 1580 3.91278
20 1588 2.77152
20 1617 4.03595
20 1682 2.58953
20 1688 3.01153
20 1701 3.27818
20 1704 2.72437
20 1732 3.45185
20 1907 1.80175
20 2010 2.69333
20 2078 4.12067
20 2081 2.79799
20 2087 2.94665
20 2089 3.89249
20 2124 4.13394
20 2141 3.00369
20 2174 3.02978
20 2291 3.16633
20 2294 3.17263
20 2325 2.73861
20 2355 3.19826
20 2394 2.54496
20 2571 2.01228
20 2617 2.56897
20 2628 3.61881
20 2657 3.07332
20 2687 3.26884
20 2700 3.75579
20 2701 3.50898
20 2716 3.3315
20 2746 3.7467
20 2843 4.27334
20 2959 3.95523
20 2987 3.9009
20 3000 3.30483
20 3033 3.70083
20 3034 3.4924
20 3114 3.56284
20 3147 4.30306
20 3159 3.84493
20 3176 3.68662
20 3408 3.4943
20 3462 4.1209
20 3481 3.09805
20 3671 3.61897
20 3751 3.01722
20 3752 3.26277
20 3793 2.58188
20 3869 2.48687
20 4016 3.54181
20 4027 4.19145
20 4223 3.03734
20 4246 3.8787
20 4270 3.51534
20 4306 4.0304
20 4728 2.61774
20 4754 4.1025
20 4881 3.65907
20 4886 3.28067
20 4896 3.11515
20 4963 2.98421
20 4973 2.51651
20 4979 3.96619
20 4993 3.85666
20 5218 2.81184
20 5299 3.60234
20 5349 3.71889
20 5378 4.02932
20 5459 2.89552
20 5481 2.84058
20 5618 3.34977
20 5669 2.56055
20 5816 3.40331
20 5902 2.89367
20 5952 3.23647
20 5971 3.45947
20 5989 3.33354
20 6283 3.71971
20 6365 3.08234
20 6377 2.56694
20 6440 3.27585
20 6539 3.6304
20 6579 2.5795
20 6584 3.89009
20 6662 4.07362
20 6711 3.18535
20 6874 4.18214
20 6993 2.8394
20 7034 3.91837
20 7153 3.94462
20 7323 4.41016
20 7361 3.32114
20 7367 3.59276
20 7373 3.84726
20 7438 2.28158
20 7762 3.73955
20 8360 4.00143
20 8368 3.96519
20 8464 3.69814
20 8622 3.85674
20 26491 3.30025
20 27800 4.07049
20 30793 3.65247
20 31878 3.03625
20 32587 2.81656
20 33493 2.67258
20 33794 1.71171
20 34048 3.89887
20 40815 3.8868
21 519 4.8328
21 1645 3.8639
21 2006 3.87254
21 2087 3.93483
21 2136 3.74548
21 2380 4.66324
21 2402 4.11177
21 2533 4.02642
21 2687 4.24927
21 2826 4.07869
21 3006 5.26358
21 3703 4.49422
21 4643 4.62794
21 5418 3.53704
21 6383 3.375
21 31696 4.5
21 33166 5.08
21 33794 3.41667
22 48 1.90248
22 110 3.31008
22 163 2.6656
22 172 1.56529
22 260 2.78388
22 282 1.75897
22 342 2.82367
22 356 2.3695
22 370 3.01141
22 457 1.16884
22 466 2.38075
22 543 1.11494
22 552 3.04133
22 1380 3.0479
22 1396 2.39886
22 1485 1.61403
22 1610 1.68604
22 2054 2.12199
22 2194 1.4898
22 2268 3.42543
22 2406 2.03629
22 2502 3.24585
22 2571 0.943036
22 2640 1.89383
22 2657 2.10188
22 2683 2.20437
22 2706 1.94088
22 2716 2.02077
22 2858 2.11788
22 2890 0.984124
22 2916 3.2668
22 3114 2.48394
22 3751 1.95216
22 3753 2.63425
22 3897 3.33119
22 4993 2.91215
22 5445 2.5356
22 5952 2.24722
23 527 3.17704
23 1104 2.39457
23 1193 3.94501
23 1197 3.98234
23 1198 3.99352
23 1956 2.59095
23 2028 3.13486
23 2116 3.51456
23 2993 3.42734
23 3334 3.69807
23 3702 2.94827
23 4993 3.6174
24 1 4.04606
24 2 3.2056
24 6 3.97893
24 16 3.96456
24 17 3.99975
24 21 3.65999
24 25 3.81355
24 26 3.65262
24 32 4.09392
24 34 3.69813
24 36 4.00914
24 39 3.52207
24 45 3.55092
24 47 4.24127
24 50 4.50061
24 52 3.63315
24 57 3.35444
24 58 4.04572
24 62 3.60221
24 73 3.77183
24 86 3.38996
24 101 2.16583
24 104 3.29045
24 110 4.30095
24 111 3.43622
24 112 3.05971
24 147 3.02206
24 162 3.55831
24 164 3.57736
24 175 3.98002
24 176 2.84341
24 194 2.97089
24 198 4.00898
24 232 2.43312
24 233 3.87112
24 235 3.10526
24 246 2.84726
24 260 3.80521
24 261 3.9471
24 265 2.78558
24 266 3.43314
24 293 2.81244
24 296 3.67165
24 299 3.5842
24 300 3.83801
24 307 3.79529
24 317 3.9446
24 318 3.42831
24 319 3.85743
24 322 2.50125
24 337 3.29043
24 349 3.33843
24 352 2.38875
24 356 3.28785
24 367 3.0134
24 372 3.37702
24 377 3.54922
24 383 2.94072
24 388 3.035
24 412 2.65042
24 416 2.34398
24 417 2.68438
24 428 3.8475
24 431 3.01359
24 440 3.37327
24 441 2.39491
24 443 3.99741
24 446 3.59234
24 448 3.15152
24 454 4.02945
24 457 2.17931
24 471 3.77944
24 480 3.93586
24 481 2.64016
24 482 2.80889
24 497 3.37362
24 507 2.66938
24 508 3.10427
24 524 4.44034
24 527 3.37968
24 541 2.7987
24 550 3.80783
24 553 4.07931
24 555 3.00075
24 562 2.89534
24 574 3.16288
24 587 3.64412
24 588 4.34822
24 589 3.73814
24 590 3.75715
24 592 3.44515
24 593 3.71167
24 595 2.98415
24 597 4.09946
24 608 3.51817
24 648 2.43562
24 714 2.79954
24 728 2.33938
24 733 4.31889
24 778 3.36442
24 781 3.28682
24 785 2.9811
24 788 4.15003
24 832 3.72633
24 838 3.20526
24 852 2.16306
24 858 2.85987
24 904 3.95699
24 924 4.07244
24 986 2.53025
24 994 3.70249
24 1036 2.59228
24 1042 3.70682
24 1054 2.99866
24 1060 3.59946
24 1073 3.77576
24 1079 2.86778
24 1080 3.51431
24 1084 1.99102
24 1088 2.71462
24 1089 4.13669
24 1090 3.51559
24 1091 3.02324
24 1094 3.59866
24 1097 3.1825
24 1101 3.86639
24 1120 2.79914
24 1125 4.30645
24 1127 3.52457
24 1136 2.87962
24 1147 4.10019
24 1179 4.43408
24 1185 4.1206
24 1186 4.18782
24 1188 4.37829
24 1191 3.91308
24 1193 4.21056
24 1196 4.48425
24 1197 4.21558
24 1198 4.23317
24 1200 4.26363
24 1201 4.00492
24 1204 4.2454
24 1207 4.32326
24 1208 4.31363
24 1210 4.19744
24 1213 4.06661
24 1214 3.88803
24 1219 4.03075
24 1220 4.22295
24 1221 4.36852
24 1222 4.05656
24 1225 4.37555
24 1228 3.64088
24 1230 3.90941
24 1231 4.20981
24 1233 4.40614
24 1235 4.29167
24 1240 4.30687
24 1242 4.17883
24 1243 4.10591
24 1245 4.19402
24 1246 4.19582
24 1247 4.0154
24 1249 4.26634
24 1257 4.37391
24 1258 3.9312
24 1259 3.55627
24 1265 4.13983
24 1266 4.14811
24 1268 4.06206
24 1270 3.80065
24 1271 4.22389
24 1272 4.16167
24 1275 4.19292
24 1276 4.21231
24 1287 3.49896
24 1288 3.31769
24 1291 2.55991
24 1293 3.76843
24 1297 1.75291
24 1298 2.07131
24 1300 1.84765
24 1302 2.85511
24 1304 3.13515
24 1305 3.93531
24 1307 2.03011
24 1323 3.06037
24 1326 3.11425
24 1347 3.25264
24 1354 3.48303
24 1357 4.01579
24 1358 2.6992
24 1370 3.10764
24 1373 3.13704
24 1375 3.45104
24 1376 3.80545
24 1378 2.79358
24 1381 3.70271
24 1387 3.91094
24 1389 3.03095
24 1393 2.57161
24 1394 2.39452
24 1408 3.38043
24 1441 3.13366
24 1446 3.3288
24 1447 3.54378
24 1449 3.02913
24 1466 3.09996
24 1488 3.58547
24 1500 3.09583
24 1527 2.91944
24 1542 2.86724
24 1580 3.75535
24 1587 3.92346
24 1594 3.47036
24 1600 3.2929
24 1610 2.58635
24 1611 2.85413
24 1617 3.90488
24 1619 3.25372
24 1649 1.84506
24 1653 3.32267
24 1673 4.10906
24 1674 3.35493
24 1704 2.48005
24 1721 2.79966
24 1729 2.96806
24 1735 3.26527
24 1747 1.35775
24 1777 3.17776
24 1784 3.62358
24 1797 3.67194
24 1805 2.58449
24 1810 3.35576
24 1836 3.1218
24 1840 3.47811
24 1848 2.95628
24 1873 3.86736
24 1894 2.25137
24 1895 2.31148
24 1912 3.69687
24 1914 2.06631
24 1921 3.45131
24 1923 3.70472
24 1947 3.53865
24 1952 2.91487
24 1954 2.3489
24 1956 2.88874
24 1958 3.00488
24 1959 2.70141
24 1960 2.59362
24 1961 3.30211
24 1962 2.64609
24 1963 3.31826
24 1968 2.58579
24 1969 2.6651
24 1970 2.93846
24 1972 2.911
24 1974 3.40865
24 1976 3.61367
24 1977 3.13419
24 1978 3.10061
24 1979 3.46497
24 1980 3.16419
24 1981 3.27442
24 1982 4.04467
24 1983 3.83054
24 1984 4.3336
24 1985 4.04144
24 1986 4.17179
24 1989 3.87055
24 1994 4.0345
24 1995 3.56159
24 1996 3.80845
24 2000 2.93819
24 2001 3.64515
24 2003 3.58641
24 2005 3.6838
24 2006 2.66725
24 2011 3.02451
24 2012 3.15127
24 2021 2.97926
24 2028 3.40977
24 2050 4.2076
24 2054 3.12134
24 2058 3.6938
24 2064 3.1756
24 2065 2.58474
24 2072 2.72629
24 2100 3.85354
24 2105 3.73694
24 2106 2.83472
24 2108 2.94882
24 2109 3.15075
24 2115 3.5668
24 2121 4.30142
24 2122 3.91819
24 2144 3.27148
24 2145 3.76127
24 2146 2.97896
24 2147 2.12999
24 2150 3.0512
24 2151 2.4347
24 2161 2.17735
24 2162 3.44425
24 2166 3.1873
24 2174 2.82948
24 2193 3.55302
24 2194 2.25879
24 2245 2.84966
24 2247 4.24225
24 2248 3.41272
24 2253 4.00201
24 2259 3.72953
24 2261 3.64092
24 2268 4.31077
24 2273 3.09938
24 2282 2.86713
24 2289 2.96853
24 2291 3.00181
24 2294 2.98485
24 2295 3.09016
24 2301 3.19374
24 2302 2.58351
24 2305 3.48174
24 2320 3.67364
24 2321 2.46926
24 2324 3.4349
24 2329 2.23242
24 2331 3.46422
24 2333 3.15102
24 2336 3.20069
24 2348 3.07096
24 2352 3.1208
24 2355 2.8536
24 2368 2.71979
24 2369 1.96737
24 2371 3.49399
24 2372 3.59677
24 2375 2.57259
24 2376 3.43588
24 2378 2.07576
24 2379 1.81718
24 2380 3.48297
24 2381 2.59767
24 2382 2.34574
24 2383 3.41504
24 2394 2.39414
24 2395 3.20839
24 2396 2.44628
24 2402 3.01102
24 2403 2.54427
24 2404 2.49018
24 2405 4.08102
24 2406 2.89328
24 2408 2.67385
24 2410 3.904
24 2411 3.84802
24 2413 3.26951
24 2416 3.56451
24 2420 4.09587
24 2422 3.0404
24 2423 3.05787
24 2427 2.63242
24 2435 3.42014
24 2450 3.14564
24 2457 3.03351
24 2460 3.00995
24 2468 3.677
24 2469 2.38764
24 2470 3.58857
24 2471 3.35321
24 2474 4.06261
24 2478 3.16312
24 2513 3.69249
24 2517 3.48016
24 2539 3.33873
24 2542 2.9871
24 2571 1.85401
24 2572 2.91505
24 2581 3.25952
24 2596 3.19808
24 2599 3.33147
24 2600 2.58528
24 2615 2.97891
24 2640 2.82703
24 2641 3.71505
24 2642 4.3177
24 2643 3.5044
24 2657 2.89919
24 2671 2.71048
24 2677 3.99912
24 2686 3.21229
24 2687 3.02256
24 2692 3.74716
24 2701 3.337
24 2702 2.4989
24 2706 2.77672
24 2716 3.01568
24 2717 3.51291
24 2734 1.67864
24 2735 4.09316
24 2739 3.0771
24 2743 2.5321
24 2745 2.88222
24 2746 3.61797
24 2749 3.44036
24 2754 2.71767
24 2758 3.30587
24 2762 3.30963
24 2770 2.31963
24 2771 2.46619
24 2772 2.86978
24 2791 3.13923
24 2792 2.72471
24 2794 2.3498
24 2795 3.36143
24 2797 3.13254
24 2815 3.49133
24 2816 2.77727
24 2819 2.22758
24 2858 3.00752
24 2871 1.7354
24 2878 3.47366
24 2890 1.88174
24 2891 3.09162
24 2902 2.56602
24 2903 3.70302
24 2908 2.44399
24 2915 3.28362
24 2916 4.23909
24 2917 2.0762
24 2918 4.13923
24 2926 3.89167
24 2928 3.73943
24 2942 2.10093
24 2947 3.52841
24 2950 4.13899
24 2952 4.09605
24 2959 3.80062
24 2966 3.07113
24 2968 3.13295
24 2976 3.85435
24 2985 3.43822
24 2987 3.75563
24 2989 3.84001
24 2990 4.09462
24 2991 3.66081
24 2997 3.25319
24 3006 4.23179
24 3014 3.36709
24 3017 3.61231
24 3019 3.90411
24 3033 3.56562
24 3040 3.69994
24 3041 3.2865
24 3042 3.13919
24 3052 3.40107
24 3060 3.40975
24 3071 3.0367
24 3072 3.00287
24 3074 3.61582
24 3081 1.7491
24 3087 3.42052
24 3098 3.45724
24 3100 3.40211
24 3101 3.62015
24 3102 2.85159
24 3105 2.35038
24 3108 3.3551
24 3114 3.41582
24 3129 3.28448
24 3135 3.07702
24 3142 2.50793
24 3147 4.21623
24 3148 3.25737
24 3157 3.40083
24 3160 4.04172
24 3168 3.61349
24 3169 3.03348
24 3174 3.27965
24 3175 3.86964
24 3177 3.58821
24 3178 3.2573
24 3182 3.78201
24 3186 3.88309
24 3197 3.64665
24 3198 3.602
24 3206 1.96326
24 3210 3.92908
24 3250 2.50165
24 3252 3.29105
24 3253 4.17326
24 3255 2.79173
24 3256 3.97578
24 3259 2.98348
24 3267 2.71212
24 3270 3.30028
24 3271 4.26769
24 3273 3.70017
24 3276 3.83299
24 3285 3.78066
24 3286 3.53616
24 3298 3.96493
24 3300 3.8324
24 3301 2.75635
24 3317 2.67062
24 3324 3.40907
24 3328 3.2702
24 3347 1.97631
24 3360 3.77221
24 3361 3.77479
24 3363 3.45243
24 3386 3.81018
24 3387 3.14584
24 3388 4.07393
24 3391 3.37123
24 3394 3.99121
24 3396 2.71676
24 3398 2.42369
24 3408 3.33495
24 3412 2.7044
24 3418 3.37015
24 3421 2.96985
24 3422 3.6395
24 3423 2.42162
24 3424 3.51446
24 3431 3.35612
24 3438 3.68402
24 3441 3.46086
24 3448 3.18256
24 3450 4.01031
24 3452 2.88674
24 3476 3.18574
24 3478 3.52875
24 3479 3.21767
24 3481 2.97395
24 3484 1.62409
24 3489 4.04446
24 3498 3.22812
24 3499 3.4231
24 3502 3.36574
24 3505 3.15463
24 3510 3.63234
24 3512 3.17972
24 3524 3.73758
24 3526 3.08612
24 3527 2.66422
24 3534 3.0455
24 3543 3.97225
24 3552 3.79777
24 3555 3.3549
24 3556 4.21045
24 3578 1.9766
24 3591 3.9446
24 3593 3.69608
24 3608 2.93357
24 3614 3.8198
24 3617 3.68792
24 3618 3.021
24 3623 3.30703
24 3624 3.82917
24 3635 3.77061
24 3646 4.07923
24 3653 4.12067
24 3671 3.50772
24 3682 3.55052
24 3683 2.91674
24 3688 3.0189
24 3689 3.20146
24 3690 2.12188
24 3695 3.12168
24 3698 3.95372
24 3699 4.0241
24 3702 3.17681
24 3703 3.40783
24 3704 3.72343
24 3707 3.18869
24 3708 2.3064
24 3717 3.09749
24 3745 2.64794
24 3751 2.81504
24 3753 3.50865
24 3755 3.03445
24 3768 3.77903
24 3785 3.03943
24 3793 2.37839
24 3809 3.04015
24 3844 3.56619
24 3861 2.43246
24 3868 3.21643
24 3897 4.17151
24 3911 2.97228
24 3939 2.93548
24 3941 3.76961
24 3961 2.5178
24 3962 3.13202
24 3969 3.59912
24 3984 3.10661
24 3985 3.77036
24 3991 3.36032
24 3999 3.29849
24 4002 2.36636
24 4003 3.89386
24 4005 3.21217
24 4007 2.44533
24 4008 2.14323
24 4010 3.72767
24 4019 3.44266
24 4022 3.49184
24 4031 2.28098
24 4034 3.1235
24 4039 2.72151
24 4041 2.47573
24 4047 3.26869
24 4062 2.89196
24 4066 2.38188
24 4067 2.75668
24 4084 3.74735
24 4085 3.14665
24 4086 4.00159
24 4091 3.95974
24 4100 3.10376
24 4102 4.1503
24 4103 3.62667
24 4104 2.70413
24 4109 3.16469
24 4111 2.67011
24 4124 3.89681
24 4125 4.03848
24 4126 3.83175
24 4128 3.66334
24 4132 2.62104
25 2 3.22864
25 10 3.39425
25 19 2.58518
25 21 3.59146
25 44 2.71534
25 95 3.85408
25 150 3.55634
25 153 3.97985
25 160 3.66149
25 161 4.16285
25 208 2.84599
25 225 2.92724
25 231 3.57371
25 292 3.10244
25 296 3.56277
25 317 3.93214
25 318 3.36191
25 339 3.5924
25 344 3.57492
25 356 3.2269
25 367 3.01457
25 432 2.58502
25 457 2.29107
25 480 3.95348
25 539 2.78966
25 553 4.08182
25 586 2.26099
25 587 3.39865
25 588 4.21387
25 590 3.62714
25 592 3.44224
25 593 3.73522
25 597 4.05934
26 1923 4.07447
26 1977 3.52451
26 2478 3.551
26 2558 3.64431
26 3450 4.40488
27 1 3.55361
27 32 3.60665
27 47 3.63749
27 50 3.95245
27 69 3.1208
27 111 3.01525
27 175 3.60062
27 260 3.42892
27 318 3.06632
27 356 2.9477
27 457 1.7065
27 541 2.37608
27 588 3.81102
27 589 3.28498
27 590 3.22034
27 593 3.45941
27 608 3.26659
27 858 2.48366
27 904 3.61094
27 912 3.94453
27 919 3.66878
27 1089 3.76944
27 1103 3.44921
27 1196 4.0327
27 1197 3.75414
27 1198 3.81775
27 1207 3.95151
27 1210 3.87701
27 1213 3.62928
27 1221 4.01662
27 1243 3.66751
27 1258 3.53515
27 1259 3.30314
27 1267 3.52685
27 1270 3.42071
27 1304 2.80317
27 1441 2.74928
27 1653 2.95772
27 1834 3.36018
27 1968 2.23673
27 1997 3.19506
27 2115 3.30499
27 2139 3.357
27 2174 2.51977
27 2291 2.63432
27 2450 2.82355
27 2495 3.13623
27 2502 3.71881
27 2528 3.6459
27 2571 1.4829
27 2628 3.00299
27 2640 2.41018
27 2700 3.29646
27 2762 2.96133
27 2791 2.80898
27 2792 2.40753
27 2795 2.99547
27 2797 2.72915
27 2804 2.35092
27 2870 2.00047
27 2916 3.78303
27 2959 3.46778
27 3052 3.13585
27 3060 3.05175
27 3087 3.17871
27 3088 2.80349
27 3098 3.16767
27 3481 2.68204
27 4002 1.95537
27 5353 2.02027
27 5502 3.72216
27 6377 1.96249
27 6612 2.39457
27 8464 3.22321
27 8622 3.42401
27 8874 3.15423
27 33493 2.02614
28 50 4.26896
28 260 3.76494
28 318 3.26702
28 527 3.26978
28 858 2.65
28 1196 4.28891
28 1198 4.02745
28 1221 4.19152
28 1515 2.85352
28 2571 1.7009
28 2641 3.6114
28 2959 3.64496
28 3440 3.02592
28 4226 3.19913
28 4799 3.13426
28 8866 3.91846
28 35957 2.75
28 36708 4.20833
28 37727 4.05769
28 43930 3.67857
29 17 3.78926
29 110 3.89987
29 236 2.78145
29 296 3.52213
29 342 3.51333
29 369 3.06394
29 454 3.5995
29 506 3.48207
29 527 3.22894
29 778 3.11292
29 899 3.88521
29 914 4.20379
29 934 4.22046
29 1029 3.13536
29 1051 3.15777
29 1172 3.93251
29 1188 3.9625
29 1196 4.06953
29 1197 3.79655
29 1247 3.62606
29 1265 3.98916
29 1267 3.71242
29 1307 1.86301
29 1688 2.55028
29 1693 3.87329
29 1944 2.48081
29 2065 2.40227
29 2071 1.86641
29 2134 2.9103
29 2248 3.42257
29 2331 3.28161
29 2371 3.30631
29 2396 2.36828
29 2413 3.01518
29 2572 2.81711
29 2746 3.55372
29 3007 3.83418
29 3072 2.68514
29 3108 3.06186
29 3210 3.78695
29 3436 3.21627
29 3479 3.07696
29 3844 3.41284
29 4010 3.33427
29 4306 3.74573
29 4359 2.99286
29 4678 3.57156
29 4713 2.05816
29 5218 2.2366
29 5309 3.76858
29 5349 3.16681
29 5378 3.71379
29 5445 3.10364
29 5459 2.45537
29 5646 3.19008
29 5952 2.933
30 24 3.42769
30 32 4.34012
30 50 4.72042
30 110 4.46188
30 111 3.69021
30 235 3.43534
30 260 4.14777
30 296 3.96947
30 318 3.6524
30 379 3.34823
30 405 3.47367
30 450 3.45417
30 480 4.18872
30 497 3.68106
30 527 3.65388
30 541 3.1272
30 593 4.01918
30 608 3.86552
30 707 3.81447
30 780 3.50146
30 788 4.37899
30 848 3.96074
30 858 2.98341
30 923 3.67273
30 1093 2.82966
30 1179 4.66068
30 1196 4.68313
30 1198 4.45581
30 1204 4.44437
30 1210 4.42753
30 1219 4.31439
30 1225 4.56018
30 1250 4.17424
30 1265 4.34574
30 1284 3.58631
30 1343 3.12078
30 1356 3.12834
30 1387 4.09105
30 1527 3.37432
30 1573 2.62023
30 1580 4.02265
30 1617 4.13797
30 1659 3.20122
30 1674 3.6477
30 1676 3.61261
30 1704 2.80595
30 1721 3.08194
30 1799 3.09218
30 1831 4.17034
30 1876 3.99017
30 1898 2.371
30 1914 2.36491
30 1917 3.09079
30 2028 3.64037
30 2094 4.33403
30 2126 4.44321
30 2188 3.59264
30 2266 4.08385
30 2316 3.00091
30 2333 3.38858
30 2336 3.46727
30 2355 3.2437
30 2396 2.75765
30 2492 4.28274
30 2502 4.35011
30 2518 3.58562
30 2539 3.63271
30 2541 4.42484
30 2567 3.35438
30 2571 2.09511
30 2581 3.48084
30 2598 4.16032
30 2599 3.60863
30 2600 2.92083
30 2605 3.49904
30 2628 3.68491
30 2644 4.31387
30 2690 3.74301
30 2706 3.05454
30 2707 4.19182
30 2712 3.23541
30 2716 3.34843
30 2723 2.18608
30 2762 3.62635
30 2763 4.28178
30 2806 4.0399
30 2826 3.35276
30 2827 3.58165
30 2829 3.6058
30 2840 4.17031
30 2858 3.31475
30 2866 2.87575
30 2881 2.34402
30 2916 4.49682
30 2959 4.07253
30 2997 3.54437
30 3005 4.45879
30 3062 4.40329
30 3114 3.66665
30 3147 4.44619
30 3148 3.58475
30 3185 3.696
30 3219 4.10875
30 3225 4.45235
30 3269 2.98361
30 3298 4.19205
30 3354 3.52501
30 3408 3.58753
30 3481 3.2754
30 3498 3.52456
30 3510 3.91902
30 3516 3.37035
30 3578 2.25167
30 3624 4.16911
30 3703 3.66213
30 3753 3.84623
30 3791 3.45494
30 3841 4.00681
30 5649 2.9649
30 6184 3.79166
31 520 4.41655
31 1358 3.59735
31 1377 3.83713
31 1513 4.18996
31 2006 3.5236
31 2018 4.19315
31 2087 3.60925
31 2294 3.79608
31 3755 3.88716
32 260 3.81156
32 527 3.5823
32 586 2.40707
32 589 3.67446
32 597 4.09318
32 736 3.16393
32 1036 2.6089
32 1196 4.45931
32 1198 4.20849
32 1210 4.33127
32 1270 3.99247
32 1291 1.99398
32 1527 3.10915
32 1682 2.38938
32 2011 3.18132
32 2028 3.50787
32 2571 1.94979
32 2700 3.7817
32 2916 4.38887
32 3082 3.77298
32 3578 2.03175
32 3623 3.39501
32 3751 2.93126
32 3793 2.481
32 3977 2.88627
32 4306 4.11822
32 4886 3.27259
32 4993 3.88689
32 5219 3.76696
32 5254 3.76122
32 5378 4.13032
32 5445 3.54248
32 5944 4.16677
32 5952 3.15621
32 6539 3.72004
32 7153 3.89745
32 33493 2.82464
32 33794 1.62222
32 40815 3.92808
33 10 4.03306
33 19 3.2233
33 34 4.22019
33 39 3.99344
33 43 4.00782
33 110 4.71874
33 150 4.157
33 153 4.52253
33 161 4.68812
33 165 3.51282
33 185 3.52316
33 208 3.46927
33 231 4.14966
33 235 3.78897
33 246 3.55252
33 253 2.87452
33 288 4.69604
33 292 3.729
33 296 4.14374
33 300 4.45238
33 306 4.62521
33 307 4.30164
33 316 5.00939
33 318 3.94832
33 329 3.39807
33 337 3.88715
33 344 4.13478
33 349 3.90048
33 353 4.62983
33 356 3.8515
33 364 3.80059
33 367 3.69248
33 370 4.39409
33 377 4.06198
33 380 3.7766
33 410 3.42432
33 434 3.16294
33 454 4.53751
33 457 2.98185
33 466 3.8866
33 480 4.44048
33 494 4.52971
33 588 4.77162
33 589 4.27893
33 592 4.00499
33 595 3.70174
33 780 3.4301
34 1 3.75505
34 2 3.01592
34 6 3.84235
34 10 3.30855
34 16 3.83553
34 32 3.93431
34 34 3.36413
34 47 4.04349
34 50 4.2363
34 110 4.06093
34 111 3.2818
34 150 3.45368
34 153 3.88299
34 161 4.01769
34 165 2.74777
34 172 2.39434
34 173 2.10965
34 208 2.69656
34 231 3.53982
34 253 2.03524
34 260 3.60169
34 288 3.98222
34 293 2.72015
34 296 3.57461
34 316 4.3257
34 318 3.31757
34 329 2.67527
34 344 3.50772
34 353 3.90346
34 356 3.21829
34 364 3.02317
34 367 2.87454
34 377 3.36134
34 442 2.657
34 527 3.29141
34 541 2.71648
34 555 2.75588
34 589 3.48065
34 593 3.65154
34 608 3.40483
34 648 2.17262
34 733 4.01121
34 736 3.0171
34 778 3.27545
34 780 2.96475
34 858 2.60379
34 912 4.05937
34 924 3.89669
34 1036 2.47534
34 1080 3.29693
34 1089 3.96448
34 1090 3.40523
34 1127 3.43392
34 1129 3.63871
34 1136 2.81499
34 1193 4.00995
34 1196 4.22031
34 1197 4.01005
34 1198 3.96642
34 1199 4.05137
34 1200 4.03307
34 1201 3.85687
34 1204 4.0097
34 1206 4.1228
34 1208 4.11527
34 1209 3.93527
34 1210 4.0529
34 1213 3.86401
34 1214 3.73664
34 1219 3.81153
34 1221 4.17127
34 1222 3.87217
34 1228 3.49547
34 1234 3.76259
34 1240 4.06649
34 1247 3.85575
34 1250 3.77995
34 1262 3.9801
34 1263 3.46162
34 1265 3.98221
34 1266 3.96379
34 1270 3.68408
34 1275 4.02615
34 1276 4.02623
34 1287 3.41243
34 1288 3.20623
34 1291 2.20129
34 1299 2.89662
34 1304 3.03663
34 1320 3.24923
34 1321 3.59774
34 1374 3.75036
34 1387 3.78699
34 1391 2.64882
34 1466 3.05033
34 1517 2.92133
34 1527 2.98505
34 1544 1.55733
34 1552 2.7396
34 1580 3.61693
34 1617 3.71503
34 1641 2.88207
34 1674 3.25154
34 1676 3.1711
34 1704 2.38036
34 1721 2.68281
34 1729 2.86104
34 1732 3.14655
34 1953 3.04584
34 1954 2.16821
34 1961 3.19891
34 1968 2.4326
34 1997 3.2949
34 2000 2.75408
34 2003 3.33214
34 2011 2.92536
34 2028 3.30017
34 2105 3.61696
34 2115 3.42371
34 2288 3.40682
34 2291 2.85572
34 2329 2.10466
34 2403 2.41854
34 2407 3.35089
34 2455 3.50088
34 2529 3.97626
34 2542 2.8396
34 2571 1.71667
34 2628 3.3052
34 2692 3.57686
34 2716 2.93197
34 2728 2.99584
34 2762 3.14654
34 2791 3.02109
34 2858 2.86708
34 2916 4.02322
34 2951 3.31447
34 2959 3.65581
34 2985 3.33139
34 3039 3.1083
34 3052 3.28368
34 3300 3.68761
34 3421 2.8015
34 3471 3.60388
34 3527 2.48137
34 3578 1.87269
34 3671 3.33768
34 3681 3.28088
34 3697 3.30202
34 3702 2.99754
34 3703 3.26493
34 3793 2.23642
34 3868 3.09118
34 3869 2.18424
34 3996 3.20034
34 4002 2.23107
34 4011 3.76537
34 4034 2.94858
34 4226 3.09938
34 4262 2.79172
34 4306 3.76031
34 4327 3.41862
34 4855 2.34778
34 4878 3.02566
34 4886 2.93184
34 4963 2.75306
34 4973 2.15538
34 4993 3.59968
34 4995 2.38297
34 5010 3.67007
34 5266 3.08
34 5349 3.30461
34 5418 2.17104
34 5445 3.24896
34 5574 3.43316
34 5618 2.96655
34 5952 2.94548
34 5995 2.64023
34 6016 3.25688
34 6377 2.09789
34 6502 3.5082
34 6807 2.63313
34 6874 3.87042
34 7143 3.51555
34 7153 3.55472
34 7360 2.82315
34 7387 3.63409
34 7438 1.94961
34 7458 4.02019
34 8360 3.67251
34 8368 3.66345
34 8622 3.56117
34 8636 3.03155
34 8644 3.63195
34 8665 3.42546
34 8874 3.19032
34 8961 3.30361
34 26614 4.92199
34 27773 2.06812
34 31410 2.68618
34 32587 2.27977
34 33162 2.09273
34 33493 2.30354
34 33794 1.54808
34 34048 3.4569
34 40815 3.49538
34 41569 3.52439
34 44191 3.725
34 44555 1.43629
34 45499 3.28025
34 45722 1.07143
35 29 4.42122
35 342 4.03562
35 551 3.22702
35 785 3.33524
35 910 4.58132
35 1088 3.08984
35 1089 4.373
35 1092 3.57288
35 1094 3.96682
35 1175 4.47515
35 1199 4.48282
35 1235 4.5371
35 1285 3.07635
35 1396 3.65736
35 1682 2.8265
35 1921 3.76481
35 1947 3.80014
35 2019 3.49276
35 2100 4.10219
35 2105 4.03106
35 2161 2.50457
35 2291 3.34588
35 2407 3.82424
35 2571 2.24843
35 2692 4.0484
35 2746 3.96349
35 2997 3.53373
35 3000 3.64095
35 3911 3.30077
35 4848 3.109
35 4973 2.79087
35 4979 4.09791
35 5618 3.45997
35 6773 4.0521
36 116 3.30119
36 170 3.09748
36 835 2.5466
36 902 3.06299
36 920 3.3436
36 1097 2.62095
36 1198 3.88638
36 2531 1.98486
36 2951 2.92202
36 3396 2.52342
37 1 3.50777
37 10 2.9893
37 47 3.71796
37 150 3.08562
37 231 3.19176
37 260 3.3059
37 296 3.23246
37 316 4.05069
37 318 2.97626
37 356 2.82025
37 357 2.10146
37 362 2.71636
37 364 2.71761
37 367 2.53192
37 410 2.37698
37 457 1.68403
37 500 2.92897
37 527 2.94304
37 541 2.31739
37 587 3.12016
37 588 3.78849
37 592 2.93839
37 593 3.30137
37 597 3.65619
37 736 2.62849
37 741 2.8831
37 778 2.89174
37 780 2.59853
37 838 2.69464
37 858 2.21753
37 904 3.46562
37 908 3.63891
37 910 3.88543
37 911 3.58399
37 912 3.78202
37 914 3.85671
37 915 3.5726
37 919 3.4301
37 922 3.20037
37 930 3.691
37 955 3.64237
37 1032 3.25092
37 1035 3.07815
37 1042 3.24744
37 1060 3.13027
37 1073 3.29801
37 1097 2.70416
37 1148 1.55574
37 1197 3.71978
37 1198 3.70425
37 1203 3.76942
37 1207 3.83004
37 1210 3.76355
37 1213 3.54181
37 1214 3.45279
37 1240 3.79595
37 1265 3.67362
37 1270 3.36002
37 1272 3.70218
37 1291 1.97545
37 1387 3.49919
37 1391 2.37763
37 1438 2.57783
37 1527 2.44031
37 1569 2.25319
37 1580 3.28703
37 1644 2.0872
37 1704 2.04859
37 1721 2.35205
37 1747 0.805122
37 1907 1.16298
37 1912 3.20493
37 1917 2.35424
37 1955 2.88746
37 1961 2.83118
37 1994 3.5789
37 1997 2.90204
37 2028 2.94368
37 2087 2.23438
37 2144 2.81904
37 2145 3.31037
37 2160 3.34023
37 2186 2.34721
37 2324 2.93588
37 2329 1.7705
37 2353 3.0028
37 2396 1.97253
37 2542 2.50967
37 2571 1.36229
37 2628 2.98069
37 2692 3.31025
37 2716 2.62243
37 2726 3.53362
37 2762 2.82743
37 2797 2.65954
37 2804 2.29107
37 2881 1.56088
37 2915 2.83859
37 2918 3.73823
37 2947 3.06388
37 2959 3.32743
37 2997 2.75012
37 3039 2.74414
37 3072 2.46957
37 3101 3.17093
37 3114 2.94176
37 3210 3.45804
37 3252 2.80162
37 3255 2.33009
37 3418 2.87051
37 3469 2.11602
37 3504 1.17161
37 3536 2.77795
37 3556 3.76277
37 3755 2.52482
37 3825 3.28863
37 3827 2.6454
37 3882 1.96813
37 3897 3.69963
37 3911 2.44906
37 3949 3.1041
37 3977 2.22158
37 3978 2.79457
37 4014 2.55943
37 4029 2.89803
37 4069 2.62589
37 4103 3.21812
37 4148 2.43899
37 4306 3.46957
37 4308 3.0941
37 4489 2.1791
37 4546 2.33937
37 4639 2.88126
37 4700 3.19612
37 4718 2.36667
37 4808 3.45339
37 4865 2.49199
37 4886 2.6152
37 4973 1.96303
37 4995 1.96284
37 5015 2.2274
37 5391 2.763
37 5620 2.29634
37 5669 1.89591
37 5673 3.1345
37 5881 2.93207
37 5954 3.46697
37 5989 2.72523
37 5992 2.23316
37 5995 2.32126
37 6188 2.93399
37 6331 2.82035
37 6367 2.33564
37 6377 1.87464
37 6385 2.22948
37 6502 3.24623
37 6659 1.74615
37 6724 2.96216
37 6957 3.6419
37 6963 3.55394
37 7013 3.40354
37 7116 2.68121
37 7147 2.19427
37 7156 3.01865
37 7162 3.08088
37 7285 3.0002
37 7361 2.69224
37 7387 3.36222
37 8128 2.23246
37 8376 2.9037
37 8528 2.89053
37 27790 3.2771
37 30749 0.474895
37 30825 3.34653
37 32587 2.18391
37 34048 3.21997
37 34319 3.3169
37 39183 2.74597
37 41569 3.38971
38 312 3.9636
38 1372 3.64968
38 1373 3.21519
38 2153 3.5833
38 2420 4.26226
38 3578 2.2424
38 4993 3.92771
38 5040 3.40633
38 5952 3.20406
38 7153 3.81716
38 26696 3.19444
39 318 1.08596
40 1 3.84606
40 5 2.98124
40 7 3.22756
40 14 3.21935
40 36 3.66398
40 62 3.60135
40 95 3.63314
40 260 3.62796
40 608 3.52987
40 628 1.94393
40 648 2.35959
40 653 2.82884
40 708 2.91
40 733 4.13354
40 736 3.03391
40 780 2.66586
40 784 2.65304
40 786 2.73477
40 802 1.93807
40 805 2.96798
40 1356 2.67096
41 1 4.36305
41 39 3.94911
41 293 3.29981
41 296 4.16542
41 356 3.72489
41 364 3.65266
41 587 4.0695
41 588 4.63761
41 594 4.51144
41 595 3.42563
41 902 4.25016
41 1022 3.58839
41 1097 3.52672
41 1265 4.50104
41 1544 2.28042
41 1566 3.98467
41 1580 4.11095
41 1680 2.88908
41 1721 3.2269
41 1907 2.0607
41 1923 4.18699
41 2018 3.70571
41 2078 4.38985
41 2081 3.02581
41 2096 4.22202
41 2144 3.63483
41 2273 3.58815
41 2294 3.44987
41 2355 3.51675
41 2396 2.92037
41 2485 2.65179
41 2571 2.28445
41 2572 3.33125
41 2687 3.54731
41 2706 3.2306
41 2908 2.79456
41 2959 4.18193
41 3000 3.65428
41 3034 3.84193
41 3114 3.80988
41 3578 2.39075
41 3751 3.26171
41 3785 3.53869
41 3793 2.86111
41 3882 3.00922
41 3897 4.57328
41 3948 3.30331
41 3996 3.84603
41 4025 4.37784
41 4246 4.1221
41 4366 4.01467
41 4447 2.8991
41 4700 4.09539
41 4886 3.57325
41 4973 2.90545
41 4993 4.12003
41 5218 3.17074
41 5299 3.94937
41 5618 3.76485
41 5620 3.24631
41 5690 3.2263
41 5952 3.48373
41 5971 3.79785
41 5995 3.24242
41 6155 3.31721
41 6218 3.4562
41 6377 2.929
41 6874 4.43058
41 7153 4.25702
41 7293 2.7349
41 7380 4.51679
41 7438 2.64901
41 7444 3.49143
41 7451 4.09526
41 8360 4.3374
41 8533 4.12399
41 8643 4.21789
41 26662 3.52415
41 27731 4.15895
41 31658 5
41 31685 3.61974
41 33669 4.18039
41 35836 3.43421
41 40815 4.31312
41 41566 5.05738
41 44193 1.28253
41 45720 2.15
42 5504 3.79504
42 5995 2.86715
42 6863 3.0684
42 7143 3.77005
42 7445 3.95971
42 7934 3.46207
42 34072 3.39583
42 45499 3.875
43 1 3.75908
43 2 3.04978
43 10 3.2982
43 34 3.32746
43 39 3.23026
43 44 2.5147
43 48 2.78041
43 60 2.78008
43 104 3.06658
43 135 3.52448
43 150 3.34632
43 153 3.77175
43 158 3.35391
43 216 2.36003
43 231 3.38692
43 260 3.5056
43 262 3.37379
43 277 3.34924
43 282 2.47733
43 317 3.71913
43 333 2.50258
43 344 3.38883
43 355 3.10088
43 356 2.98777
43 362 2.96055
43 364 3.0046
43 367 2.83622
43 435 2.51642
43 441 2.2145
43 455 2.89061
43 480 3.73078
43 500 3.11243
43 520 3.48722
43 524 4.14753
43 539 2.55617
43 551 2.67334
43 585 3.54801
43 586 2.11759
43 588 4.02707
43 592 3.24906
43 593 3.52129
43 595 2.84882
43 596 2.92799
43 648 2.04311
43 661 4.02158
43 673 3.13416
43 724 3.50457
43 736 2.90458
43 780 2.70821
43 783 2.63423
43 784 2.81218
43 788 3.87781
43 801 3.01314
43 902 3.56046
43 919 3.59931
43 1020 3.13
43 1022 2.95908
43 1029 3.28025
43 1032 3.5022
43 1035 3.33629
43 1059 3.92308
43 1073 3.49431
43 1088 2.22762
43 1097 2.93707
43 1101 3.62353
43 1196 4.19747
43 1206 4.12164
43 1210 3.95445
43 1231 3.95357
43 1246 4.00022
43 1258 3.66377
43 1278 3.45962
43 1282 3.54048
43 1293 3.51188
43 1347 3.11082
43 1367 3.37943
43 1377 2.80426
43 1380 3.65118
43 1381 3.49594
43 1391 2.46071
43 1405 2.14923
43 1485 2.28508
43 1513 3.24008
43 1517 2.92292
43 1562 3.03021
43 1569 2.55578
43 1580 3.5123
43 1644 2.4429
43 1682 2.23001
43 1717 3.75617
43 1721 2.6107
43 1777 3.00923
43 1911 1.94757
43 1918 3.60313
43 1947 3.2868
43 1968 2.37364
43 1997 3.03142
43 2005 3.4135
43 2014 3.41218
43 2054 2.84297
43 2078 3.74551
43 2081 2.41781
43 2085 3.30308
43 2114 2.11939
43 2124 3.81885
43 2125 3.00569
43 2144 3.10163
43 2145 3.54571
43 2167 3.13993
43 2174 2.63978
43 2248 3.18402
43 2273 2.96114
43 2291 2.80329
43 2296 2.40074
43 2355 2.6919
43 2396 2.26399
43 2420 3.82372
43 2428 3.90552
43 2470 3.33073
43 2485 2.05838
43 2501 2.08387
43 2502 3.93575
43 2541 3.99317
43 2572 2.6769
43 2581 2.98883
43 2622 3.2249
43 2633 2.99861
43 2657 2.72771
43 2671 2.52344
43 2683 2.85463
43 2694 2.3713
43 2701 3.15936
43 2706 2.62424
43 2716 2.90605
43 2798 2.78026
43 2804 2.65135
43 2860 3.78751
43 2918 4.00955
43 2959 3.59015
43 3082 3.44726
43 3175 3.63911
43 3210 3.76739
43 3253 3.97233
43 3270 3.20966
43 3440 2.91479
43 3489 3.85658
43 3552 3.60822
43 3594 3.99865
43 3617 3.54125
43 3623 3.10498
43 3624 3.64363
43 3717 2.90765
43 3785 2.91577
43 3916 3.417
43 3948 2.65575
43 3977 2.63189
43 3988 2.96861
43 4018 3.23974
43 4022 3.28293
43 4025 3.81056
43 4132 2.55693
43 4149 1.66199
43 4246 3.54216
43 4270 3.21041
43 4306 3.74548
43 4308 3.41279
43 4310 3.39053
43 4447 2.26832
43 4718 2.70509
43 4878 2.94304
43 4896 2.81052
43 4963 2.59305
43 4979 3.67804
43 4993 3.50984
43 5103 3.86895
43 5110 2.88209
43 5283 3.03419
43 5299 3.26867
43 5349 3.39182
43 5418 2.26286
43 5445 3.25748
43 5459 2.53697
43 5481 2.37944
43 5502 3.91547
43 5505 3.80982
43 5620 2.5919
43 5679 2.94074
43 5816 3.13015
43 5989 2.99789
43 6297 3.67464
43 6333 3.87807
43 6377 2.24503
43 6383 2.42405
43 6502 3.60413
43 6539 3.32699
43 6549 2.96153
43 6593 3.5514
43 6863 2.83093
43 7147 2.56022
43 7149 2.07285
43 7293 2.10736
43 7320 3.03244
43 7444 2.85166
43 8131 3.28657
43 8366 3.54167
43 8368 3.74975
43 8533 3.38018
43 8636 3.026
43 8722 3.48048
43 8784 3.91648
43 8807 3.08526
43 8937 4.13463
43 8961 3.41694
43 31685 2.95586
43 33085 2.95688
43 34162 2.91825
43 34336 2.85762
43 37384 3.63614
43 38798 3.00644
43 40819 1.5
43 41569 3.61069
43 41997 2.0119
43 42725 5.23077
43 44004 2.58594
43 45517 3.96369
43 45672 3.47309
43 45720 2.1
43 45722 2.1
44 1 4.47549
44 111 3.88329
44 150 3.98522
44 153 4.3954
44 165 3.28419
44 231 4.00155
44 266 3.80749
44 296 4.02983
44 300 4.33663
44 318 3.72217
44 339 4.04042
44 344 3.94033
44 349 3.71954
44 457 2.70559
44 588 4.70733
44 590 4.12683
44 593 4.20163
44 595 3.43058
45 2483 3.65385
46 1 3.91499
46 3 3.04637
46 6 3.8988
46 16 3.90058
46 19 2.67697
46 21 3.57793
46 24 3.09539
46 29 3.99729
46 32 3.98928
46 44 2.61516
46 47 4.1475
46 50 4.35171
46 63 2.95744
46 65 2.20725
46 69 3.53152
46 70 3.36206
46 88 3.00074
46 104 3.23911
46 105 3.49497
46 112 3.03756
46 122 4.07982
46 135 3.65995
46 145 2.65018
46 150 3.55834
46 153 3.94141
46 158 3.51557
46 160 3.70615
46 163 3.49575
46 165 2.79426
46 173 2.24595
46 174 3.5596
46 177 3.43599
46 180 1.79614
46 184 2.92649
46 188 3.04029
46 196 3.23515
46 198 3.94692
46 204 3.56362
46 216 2.56842
46 223 3.17124
46 231 3.57566
46 253 2.14201
46 260 3.76486
46 261 3.84874
46 267 3.49531
46 273 2.69677
46 292 3.13503
46 296 3.63063
46 303 2.71056
46 316 4.46383
46 317 3.85579
46 318 3.36635
46 329 2.71114
46 332 3.36033
46 333 2.70207
46 337 3.30069
46 339 3.56479
46 344 3.54078
46 350 3.58584
46 352 2.35608
46 353 4.04013
46 356 3.22967
46 364 3.17281
46 366 3.38169
46 367 2.96191
46 368 3.30589
46 372 3.41842
46 377 3.50635
46 379 3.03259
46 382 3.52909
46 383 2.91991
46 416 2.35243
46 435 2.67416
46 440 3.34316
46 441 2.40731
46 442 2.69159
46 448 3.10455
46 457 2.18856
46 473 3.00651
46 479 3.42165
46 480 3.89201
46 481 2.56434
46 489 3.73175
46 494 3.87501
46 500 3.32719
46 502 2.47143
46 507 2.68512
46 512 3.94297
46 520 3.69289
46 544 2.76268
46 550 3.79224
46 551 2.89076
46 552 3.88228
46 553 3.99796
46 586 2.29239
46 587 3.61017
46 588 4.21293
46 589 3.62748
46 592 3.38003
46 593 3.56089
46 608 3.45604
46 611 3.35701
46 648 2.09248
46 653 2.82865
46 671 3.66081
46 714 2.74888
46 719 2.93668
46 724 3.62467
46 733 4.14199
46 736 3.0482
46 737 2.79705
46 741 3.34892
46 742 2.78036
46 743 3.44689
46 748 3.77212
46 778 3.1463
46 780 2.97904
46 784 3.07832
46 785 2.82531
46 788 4.04736
46 799 2.63282
46 802 1.97177
46 829 2.67955
46 832 3.62933
46 839 3.07847
46 880 3.73653
46 886 3.86383
46 968 3.53995
46 996 3.33085
46 1027 2.72452
46 1036 2.52693
46 1037 3.4839
46 1042 3.65473
46 1049 3.90939
46 1061 3.74038
46 1064 3.69386
46 1089 4.02757
46 1091 2.9813
46 1097 3.0796
46 1100 3.25719
46 1127 3.35183
46 1135 3.25468
46 1136 2.84922
46 1193 4.11425
46 1196 4.31239
46 1198 4.0777
46 1200 4.12716
46 1201 3.94611
46 1210 4.07719
46 1214 3.7926
46 1215 4.02294
46 1222 3.94043
46 1240 4.16084
46 1258 3.83505
46 1259 3.54604
46 1261 4.06523
46 1265 4.05092
46 1266 4.04888
46 1270 3.73688
46 1278 3.6227
46 1291 2.37802
46 1320 3.18875
46 1321 3.67444
46 1339 3.32813
46 1356 2.89925
46 1358 2.66007
46 1370 2.94249
46 1377 2.94707
46 1378 2.82407
46 1379 3.86283
46 1385 3.12018
46 1387 3.76061
46 1388 3.02073
46 1391 2.64372
46 1393 2.53628
46 1405 2.27766
46 1407 3.54279
46 1409 3.03192
46 1429 3.49665
46 1431 1.98009
46 1454 3.12672
46 1461 2.58602
46 1476 2.78943
46 1479 2.2952
46 1485 2.46305
46 1488 3.56949
46 1499 2.93065
46 1500 3.07145
46 1513 3.35388
46 1517 3.05552
46 1527 2.73322
46 1544 1.71527
46 1552 2.82158
46 1562 3.18813
46 1573 2.24928
46 1580 3.69507
46 1584 2.65485
46 1587 3.86017
46 1590 2.67895
46 1591 2.78459
46 1597 3.81953
46 1603 3.2642
46 1608 3.40268
46 1617 3.80443
46 1639 3.57683
46 1645 2.66876
46 1655 2.73917
46 1665 3.02317
46 1676 3.26929
46 1681 3.54334
46 1682 2.36348
46 1690 3.47996
46 1704 2.43651
46 1721 2.74923
46 1732 3.25464
46 1748 3.79859
46 1753 2.9706
46 1754 3.89343
46 1756 3.38026
46 1762 2.27763
46 1771 3.17173
46 1777 3.09893
46 1779 3.93014
46 1792 3.27522
46 1799 2.74689
46 1801 3.37778
46 1805 2.57144
46 1835 2.98964
46 1837 3.10539
46 1866 3.71955
46 1875 3.74345
46 1876 3.66022
46 1885 3.64638
46 1887 2.50425
46 1909 2.89527
46 1917 2.80273
46 1920 3.20317
46 1923 3.66803
46 1954 2.32828
46 1961 3.26447
46 1968 2.52429
46 1970 2.94485
46 1973 2.8204
46 1994 3.92519
46 1995 3.52997
46 1997 3.31482
46 1998 3.61477
46 2003 3.47642
46 2004 3.14025
46 2011 3.00594
46 2012 3.08674
46 2028 3.36722
46 2054 3.01927
46 2060 2.99806
46 2076 2.93627
46 2083 3.3461
46 2092 3.59575
46 2100 3.79642
46 2115 3.50341
46 2119 3.34039
46 2121 4.18808
46 2137 3.21514
46 2140 2.45672
46 2141 2.82229
46 2143 2.82204
46 2148 3.73998
46 2149 3.63602
46 2153 3.40883
46 2160 3.73719
46 2161 2.1407
46 2167 3.33795
46 2174 2.79605
46 2231 2.92027
46 2273 3.07223
46 2278 3.32357
46 2288 3.51425
46 2291 2.98636
46 2294 2.95177
46 2297 2.2248
46 2298 2.11948
46 2302 2.53944
46 2313 3.76354
46 2322 3.13213
46 2328 2.86803
46 2334 2.9644
46 2335 3.07482
46 2353 3.43169
46 2355 2.63327
46 2373 2.33958
46 2387 3.21092
46 2393 3.32845
46 2394 2.34627
46 2395 3.18651
46 2401 2.06772
46 2402 2.9573
46 2403 2.49198
46 2407 3.43378
46 2409 2.83359
46 2410 3.81563
46 2411 3.77163
46 2421 2.92852
46 2423 3.05373
46 2428 3.98873
46 2429 3.715
46 2455 3.39376
46 2456 3.26162
46 2470 3.50088
46 2471 3.26276
46 2476 2.47581
46 2478 3.1284
46 2490 3.37961
46 2501 2.18444
46 2502 3.9646
46 2506 2.72211
46 2513 3.63061
46 2514 2.47144
46 2516 3.78592
46 2517 3.39323
46 2539 3.28664
46 2542 2.89805
46 2548 1.95306
46 2549 3.74808
46 2568 3.29618
46 2571 1.80829
46 2572 2.86775
46 2599 3.25017
46 2606 3.73854
46 2617 2.31655
46 2628 3.34072
46 2640 2.76473
46 2641 3.66277
46 2642 4.18551
46 2643 3.41447
46 2662 3.3419
46 2681 3.28175
46 2683 3.03536
46 2694 2.4703
46 2700 3.52437
46 2701 3.31072
46 2706 2.75006
46 2709 2.65513
46 2710 2.98014
46 2713 3.65494
46 2716 3.01805
46 2717 3.47101
46 2719 3.29547
46 2720 4.01071
46 2722 2.5533
46 2723 1.83695
46 2735 4.00402
46 2746 3.45373
46 2747 2.67899
46 2761 2.46335
46 2762 3.2538
46 2779 3.87329
46 2791 3.1184
46 2793 3.15675
46 2797 3.0902
46 2798 2.87827
46 2799 3.53656
46 2804 2.76224
46 2805 3.33357
46 2808 2.576
46 2836 4.20037
46 2840 3.78348
46 2841 4.1317
46 2842 3.4012
46 2858 2.96058
46 2860 3.91612
46 2867 3.99242
46 2868 3.86478
46 2908 2.35287
46 2916 4.12062
46 2918 4.04172
46 2922 3.96677
46 2951 3.34788
46 2953 4.16938
46 2959 3.75033
46 2965 2.79218
46 2985 3.3695
46 2986 3.7543
46 2987 3.65056
46 2992 4.14627
46 2995 3.08674
46 2997 3.17554
46 3020 3.80504
46 3033 3.51351
46 3034 3.23614
46 3052 3.29713
46 3081 1.70863
46 3082 3.62267
46 3087 3.34914
46 3114 3.36786
46 3117 3.7764
46 3120 3.57164
46 3147 4.12422
46 3175 3.79777
46 3210 3.81034
46 3213 3.5049
46 3243 3.77577
46 3247 2.53331
46 3250 2.35719
46 3253 4.07726
46 3254 3.88
46 3255 2.68145
46 3258 2.36773
46 3264 3.3609
46 3268 3.00357
46 3300 3.78462
46 3301 2.72267
46 3316 3.50935
46 3327 3.06533
46 3354 3.22958
46 3355 2.46341
46 3358 3.19031
46 3386 3.72216
46 3396 2.69762
46 3397 2.77295
46 3401 3.20277
46 3409 3.14955
46 3438 3.60906
46 3439 3.68383
46 3440 3.06351
46 3441 3.40239
46 3448 3.15838
46 3450 3.92208
46 3471 3.63368
46 3477 3.32032
46 3481 2.87696
46 3508 2.43592
46 3510 3.60733
46 3527 2.62231
46 3534 2.95498
46 3552 3.72679
46 3555 3.28033
46 3578 1.92343
46 3591 3.85565
46 3593 3.63799
46 3617 3.64773
46 3618 2.95444
46 3623 3.27491
46 3624 3.79909
46 3671 3.43098
46 3681 3.32868
46 3686 3.28571
46 3697 3.40457
46 3698 3.86144
46 3699 3.93235
46 3709 3.19906
46 3740 2.90554
46 3745 2.62183
46 3752 2.94689
46 3753 3.46392
46 3755 2.98791
46 3774 3.25206
46 3791 3.03295
46 3793 2.37517
46 3809 3.02004
46 3826 3.4038
46 3827 3.03859
46 3840 1.96908
46 3857 4.02548
46 3863 2.51677
46 3864 2.4049
46 3877 3.29296
46 3882 2.36511
46 3897 4.07414
46 3905 2.05487
46 3911 2.93154
46 3916 3.51438
46 3917 3.65456
46 3918 3.12309
46 3928 3.4359
46 3948 2.73094
46 3949 3.52387
46 3956 3.18318
46 3969 3.55342
46 3979 4.01791
46 3981 2.78099
46 3986 3.14716
46 3988 3.10466
46 3994 3.55939
46 3997 2.74767
46 4002 2.33767
46 4006 3.79759
46 4015 3.61529
46 4016 3.35741
46 4018 3.322
46 4022 3.35814
46 4027 3.9777
46 4030 3.23469
46 4033 1.57631
46 4040 2.67609
46 4084 3.67973
46 4085 3.11109
46 4102 4.04469
46 4105 3.75008
46 4128 3.59319
46 4142 3.06452
46 4159 3.71702
46 4164 3.10786
46 4213 3.83505
46 4223 2.83882
46 4226 3.10504
46 4231 3.19947
46 4233 3.91832
46 4266 3.80409
46 4270 3.3329
46 4275 2.37355
46 4306 3.78225
46 4310 3.50436
46 4343 3.49866
46 4367 2.58102
46 4370 2.80842
46 4388 3.1547
46 4446 1.98983
46 4448 3.27644
46 4489 2.64463
46 4498 3.32844
46 4541 3.20276
46 4553 3.65341
46 4571 3.56607
46 4623 3.37094
46 4630 3.5501
46 4638 2.62401
46 4643 3.55255
46 4654 2.25714
46 4679 3.0976
46 4682 3.71249
46 4701 3.81063
46 4718 2.80961
46 4720 3.07559
46 4725 3.3437
46 4734 3.28386
46 4744 3.1926
46 4756 3.1854
46 4758 2.06228
46 4774 2.96568
46 4776 2.56938
46 4815 2.71753
46 4816 3.14601
46 4844 3.61975
46 4865 2.97345
46 4876 3.9784
46 4878 3.12775
46 4886 3.01858
46 4890 3.54494
46 4903 2.86302
46 4950 2.97168
46 4958 2.36998
46 4963 2.75974
46 4967 3.06984
46 4974 3.45955
46 4975 3.46435
46 4986 2.75519
46 4993 3.56988
46 4994 3.41083
46 5025 4.07107
46 5055 2.75999
46 5060 2.31541
46 5064 3.63556
46 5065 3.09005
46 5103 3.91886
46 5107 3.96086
46 5110 2.96879
46 5127 3.47206
46 5128 3.27565
46 5146 3.4165
46 5152 3.28825
46 5171 3.31673
46 5212 2.93296
46 5218 2.61847
46 5219 3.42104
46 5254 3.58957
46 5267 2.46085
46 5293 3.52398
46 5294 2.96007
46 5313 3.05871
46 5349 3.49399
46 5377 3.49242
46 5378 3.72287
46 5400 2.95501
46 5418 2.32992
46 5419 2.70694
46 5433 3.39933
46 5438 3.18218
46 5445 3.38015
46 5459 2.61374
46 5460 3.12797
46 5463 2.36781
46 5464 2.83248
46 5472 2.69605
46 5478 2.37835
46 5502 3.97112
46 5505 3.90492
46 5507 3.92148
46 5528 3.48712
46 5574 3.41061
46 5589 3.46313
46 5609 2.49834
46 5620 2.61648
46 5621 2.40198
46 5629 3.27342
46 5665 3.44609
46 5669 2.24062
46 5673 3.48101
46 5679 3.1277
46 5691 3.86704
46 5765 2.84784
46 5784 3.16904
46 5785 3.34382
46 5804 2.81752
46 5843 3.45178
46 5881 3.35283
46 5883 3.54736
46 5944 3.80107
46 5945 3.66056
46 5952 3.0348
46 5956 2.76605
46 5969 3.45562
46 5970 3.20308
46 5995 2.79137
46 6014 2.82664
46 6040 2.59638
46 6058 3.03827
46 6059 3.05936
46 6156 2.27875
46 6157 4.01106
46 6166 3.16028
46 6186 3.86984
46 6187 2.70825
46 6213 2.76256
46 6250 3.09599
46 6281 3.90574
46 6287 3.42368
46 6290 3.36008
46 6298 3.92285
46 6323 3.67026
46 6333 3.91016
46 6365 2.90936
46 6373 3.18056
46 6377 2.33004
46 6379 3.40329
46 6502 3.66387
46 6534 2.87345
46 6537 3.48517
46 6541 3.67667
46 6548 2.56128
46 6565 3.2589
46 6586 3.0376
46 6615 3.41768
46 6659 2.05886
46 6664 3.98864
46 6695 3.4169
46 6707 3.42142
46 6711 2.94422
46 6731 3.12097
46 6751 3.75346
46 6754 3.22427
46 6764 1.43593
46 6870 3.51523
46 6874 3.9645
46 6880 3.72011
46 6890 2.87579
46 6934 3.76598
46 6936 3.33549
46 6950 3.4791
46 7153 3.73601
46 7158 3.07813
46 7173 3.09332
46 7254 3.56339
46 7263 3.3704
46 7293 2.3142
46 7318 3.21909
46 7325 2.37675
46 7360 2.92134
46 7369 2.32755
46 7373 3.63401
46 7376 3.96059
46 7387 3.80389
46 7438 2.05805
46 7449 3.91645
46 7454 2.65478
46 7458 4.04921
46 8361 4.06415
46 8369 3.95612
46 8371 3.74377
46 8528 3.21371
46 8529 3.12636
46 8533 3.46354
46 8640 3.35694
46 8641 3.39944
46 8665 3.503
46 8730 3.97512
46 8746 2.4917
46 8783 3.04974
46 8807 3.025
46 8810 3.56836
46 8814 2.91228
46 8815 3.21218
46 8827 3.52039
46 8830 2.79992
46 8835 3.66133
46 8836 3.69741
46 8860 3.70919
46 8861 3.09712
46 8865 2.51882
46 8870 3.40781
46 8874 3.16142
46 8907 3.95442
46 8917 3.4263
46 8918 3.75339
46 8937 4.09733
46 8947 3.43085
46 8949 2.8322
46 8950 3.6138
46 8957 3.73911
46 8961 3.5182
46 8968 2.69627
46 9004 3.80733
46 25835 1.87955
46 27434 3.40434
46 27618 3.82788
46 27706 2.22569
46 27788 4.20248
46 27822 3.51207
46 27837 0.885889
46 30707 3.30258
46 30894 3.4727
46 31424 2.27035
46 31429 3.43871
46 31431 2.28047
46 32011 2.56549
46 32019 3.61647
46 32587 2.46543
46 32598 0.942029
46 33004 3.89665
46 33085 3.01845
46 33162 2.16396
46 33164 2.47699
46 33437 2.39796
46 33493 2.3335
46 33834 3.34292
46 34072 3.40671
46 34162 2.92411
46 34323 2.54908
46 34534 3.63958
46 35957 2.96784
46 36401 3.61047
46 36509 0.891317
46 36519 4.05156
46 37380 2.78731
46 37382 3.86962
46 37720 3.138
46 37727 3.92228
46 37729 4.10982
46 37733 3.60982
46 39400 3.18457
46 39427 2.47268
46 40723 2.58333
46 41566 4.1
46 41569 3.5572
46 42011 4.24623
46 42013 3.52455
46 42723 2.72286
47 1 4.10548
47 17 4.1356
47 25 3.87927
47 34 3.81552
47 36 4.09904
47 50 4.48327
47 58 4.09533
47 80 3.94885
47 111 3.50262
47 154 3.44648
47 164 3.62492
47 215 3.29803
47 296 3.70024
47 318 3.38547
47 356 3.32544
47 357 2.67744
47 377 3.58923
47 457 2.29652
47 480 3.89304
47 523 3.2615
47 527 3.35279
47 535 3.85759
47 541 2.88433
47 593 3.75634
47 608 3.64668
47 648 2.45337
47 745 3.89713
47 858 3.00726
47 898 4.05309
47 899 4.03863
47 900 4.18815
47 902 3.82557
47 904 4.0505
47 905 3.89157
47 908 4.1716
47 909 3.50938
47 910 4.35307
47 911 4.01835
47 912 4.24004
47 914 4.29984
47 915 3.98611
47 918 3.63426
47 919 3.8356
47 920 4.12022
47 922 3.66095
47 923 3.42216
47 926 4.16744
47 928 3.93043
47 930 4.08862
47 933 4.04637
47 942 3.21582
47 945 3.55484
47 953 4.25722
47 969 3.65664
47 973 2.63756
47 1010 3.9144
47 1028 4.07221
47 1035 3.53196
47 1041 3.95944
47 1073 3.84283
47 1084 2.15425
47 1086 2.57523
47 1094 3.60258
47 1104 2.68394
47 1148 2.13991
47 1178 3.97198
47 1179 4.44119
47 1183 4.33031
47 1186 4.14369
47 1193 4.16928
47 1196 4.49593
47 1197 4.20812
47 1198 4.22855
47 1207 4.33776
47 1213 4.0704
47 1219 4.04539
47 1221 4.30177
47 1225 4.37544
47 1226 4.10658
47 1228 3.66363
47 1230 3.91092
47 1231 4.21784
47 1244 3.89013
47 1247 4.02262
47 1250 3.96693
47 1252 3.94853
47 1265 4.12465
47 1266 4.17576
47 1267 3.82031
47 1270 3.80159
47 1276 4.23205
47 1277 4.03919
47 1284 3.28704
47 1288 3.4159
47 1299 3.00231
47 1358 2.71929
47 1617 3.9302
47 1639 3.59651
47 1673 4.11973
47 1674 3.32015
47 1699 3.22064
47 1704 2.55189
47 1721 2.79441
47 1784 3.55664
47 1873 3.8964
47 1912 3.71448
47 1935 2.97209
47 1936 3.77536
47 1938 4.04462
47 1939 3.38019
47 1944 2.77782
47 1945 2.52651
47 1946 4.1897
47 1947 3.51803
47 1950 2.98929
47 1952 2.88793
47 1959 2.73371
47 1961 3.32093
47 2013 2.90761
47 2019 3.18688
47 2020 3.62503
47 2028 3.4106
47 2065 2.58831
47 2070 1.96904
47 2130 3.87973
47 2132 3.1337
47 2186 2.84946
47 2202 3.95363
47 2203 2.47427
47 2243 2.75532
47 2248 3.43471
47 2289 2.94195
47 2300 1.85922
47 2303 1.78284
47 2357 3.3655
47 2395 3.18922
47 2396 2.50418
47 2502 4.06078
47 2612 3.95289
47 2648 4.11847
47 2686 3.25384
47 2689 3.35015
47 2692 3.80417
47 2724 2.68961
47 2732 1.92777
47 2762 3.38257
47 2763 3.97345
47 2804 2.86886
47 2858 3.05807
47 2859 3.74911
47 2918 4.11967
47 2919 3.6215
47 2927 3.82769
47 2935 4.01016
47 2941 2.93429
47 2961 3.56784
47 2971 3.03729
47 2987 3.83777
47 2997 3.27568
47 3006 4.19668
47 3061 2.686
47 3089 3.68895
47 3095 2.58211
47 3111 4.22361
47 3114 3.37518
47 3152 3.23377
47 3157 3.48069
47 3176 3.54449
47 3196 3.81285
47 3198 3.52276
47 3251 3.38176
47 3334 3.9623
47 3359 3.624
47 3363 3.47988
47 3364 3.94201
47 3435 2.97278
47 3467 3.82645
47 3468 3.06307
47 3475 1.90932
47 3543 3.89214
47 3545 4.11577
47 3549 3.21624
47 3554 3.33382
47 3578 1.99777
47 3606 2.24123
47 3685 2.22303
47 3730 1.97715
47 3735 2.78619
47 3741 3.71119
47 3897 4.14382
47 4022 3.5031
47 4027 3.95956
47 4037 3.0269
47 4061 2.74875
47 4226 3.25354
47 4246 3.73012
47 4361 4.21918
47 4372 3.88112
47 4642 2.54337
47 4857 3.4016
47 4963 2.8496
47 4995 2.40007
47 5015 2.7786
47 5418 2.32498
47 5693 2.90105
47 5707 2.774
47 5989 3.21141
47 6539 3.58343
47 6711 2.99467
47 6874 4.05683
48 261 4.29065
48 318 3.75045
48 520 4.05482
48 1381 4.12397
48 2033 4.10975
48 2563 3.42081
48 2581 3.51065
48 3189 3.48955
48 3565 4.20101
48 4014 3.46251
48 4161 3.60348
48 4993 4.07143
48 5380 4.61174
48 5952 3.39294
48 7153 4.13454
48 7173 3.39586
48 7381 4.04447
48 31658 5
48 37729 4.42647
49 1 4.40187
49 2 3.65234
49 10 3.92027
49 19 3.13767
49 32 4.48399
49 34 4.00267
49 39 3.85479
49 47 4.6153
49 50 4.82306
49 70 3.86107
49 104 3.71393
49 110 4.61354
49 111 3.86459
49 112 3.50884
49 145 3.13191
49 151 3.73485
49 153 4.36098
49 160 4.13362
49 163 3.92866
49 165 3.29029
49 168 2.54384
49 172 2.98393
49 173 2.72865
49 185 3.26371
49 196 3.66789
49 208 3.23716
49 223 3.6039
49 231 4.01185
49 235 3.57414
49 253 2.61879
49 260 4.21798
49 265 3.26116
49 288 4.50184
49 293 3.25705
49 296 4.06794
49 316 4.92088
49 317 4.31792
49 329 3.21266
49 333 3.16864
49 338 4.09869
49 344 3.98674
49 349 3.74208
49 353 4.48097
49 356 3.68732
49 364 3.63972
49 367 3.44918
49 368 3.70303
49 370 4.23591
49 377 3.95179
49 380 3.65879
49 410 3.30555
49 420 3.50116
49 432 3.04883
49 434 2.88129
49 442 3.17567
49 455 3.55375
49 466 3.70805
49 480 4.29897
49 485 3.90325
49 500 3.71119
49 509 3.42776
49 520 4.1002
49 527 3.82601
49 541 3.27941
49 543 2.54418
49 551 3.36938
49 553 4.42431
49 587 4.02407
49 588 4.66457
49 589 4.10589
49 590 4.12902
49 592 3.82346
49 593 4.143
49 595 3.44457
49 608 3.95321
49 610 4.27096
49 648 2.70906
49 653 3.31776
49 733 4.64654
49 741 3.75166
49 750 2.78861
49 778 3.73357
49 780 3.46261
49 784 3.57719
49 786 3.19189
49 799 3.17162
49 832 4.06031
49 858 3.17492
49 899 4.42122
49 903 4.44681
49 908 4.48823
49 912 4.59794
49 913 4.36399
49 919 4.27214
49 920 4.5235
49 923 3.818
49 953 4.5338
49 968 3.95404
49 1028 4.42675
49 1036 3.01558
49 1073 4.11837
49 1080 3.9015
49 1089 4.50405
49 1090 3.89782
49 1129 4.18308
49 1136 3.34161
49 1193 4.58446
49 1196 4.79378
49 1197 4.57315
49 1198 4.58161
49 1200 4.58897
49 1201 4.37873
49 1203 4.57275
49 1206 4.65373
49 1208 4.64908
49 1210 4.55721
49 1213 4.44262
49 1214 4.32247
49 1215 4.46532
49 1219 4.41001
49 1220 4.50205
49 1221 4.6875
49 1222 4.41543
49 1234 4.35088
49 1240 4.60212
49 1246 4.5424
49 1247 4.44038
49 1249 4.59188
49 1250 4.29505
49 1252 4.37847
49 1254 4.63496
49 1258 4.29714
49 1261 4.53333
49 1266 4.50451
49 1267 4.1789
49 1270 4.21913
49 1274 4.16533
49 1275 4.53725
49 1278 4.08454
49 1288 3.6819
49 1291 2.83832
49 1320 3.69801
49 1321 4.14485
49 1356 3.38968
49 1370 3.51849
49 1374 4.20482
49 1376 4.22602
49 1377 3.43723
49 1380 4.2295
49 1391 3.23136
49 1393 3.02427
49 1394 2.83768
49 1407 4.01307
49 1485 2.97728
49 1500 3.5749
49 1517 3.533
49 1527 3.30534
49 1544 2.18411
49 1552 3.30664
49 1573 2.75531
49 1580 4.11844
49 1584 3.09789
49 1591 3.24445
49 1617 4.27715
49 1645 3.17301
49 1653 3.75274
49 1676 3.73672
49 1690 3.98973
49 1876 4.0856
49 1909 3.37174
49 1968 3.00062
49 1997 3.80325
49 2000 3.38718
49 2001 4.10765
49 2019 3.53396
49 2028 3.81388
49 2054 3.47413
49 2105 4.13745
49 2115 4.00165
49 2167 3.7518
49 2193 3.95231
49 2194 2.72193
49 2278 3.81114
49 2291 3.40814
49 2321 2.94797
49 2329 2.69129
49 2353 3.87172
49 2396 2.88042
49 2406 3.39786
49 2450 3.56092
49 2502 4.48691
49 2571 2.28407
49 2617 2.81605
49 2628 3.84599
49 2640 3.2397
49 2641 4.08918
49 2642 4.62656
49 2643 3.89729
49 2657 3.34057
49 2683 3.47483
49 2692 4.02851
49 2699 3.75008
49 2700 4.01178
49 2706 3.23329
49 2710 3.43545
49 2712 3.38669
49 2716 3.55117
49 2762 3.74505
49 2791 3.56952
49 2804 3.24785
49 2808 3.10001
49 2858 3.42722
49 2872 3.61629
49 2916 4.65949
49 2918 4.55042
49 2944 3.57832
49 2948 3.94728
49 2951 3.81836
49 2959 4.19774
49 2968 3.59744
49 2985 3.85672
49 2987 4.11343
49 2993 4.03823
49 2997 3.67516
49 3000 3.64818
49 3030 3.73736
49 3052 3.79662
49 3114 3.8004
49 3176 3.93673
49 3267 3.18591
49 3408 3.72982
49 3438 4.07231
49 3439 4.1852
49 3440 3.5207
49 3448 3.62756
49 3471 4.15853
49 3527 3.11549
49 3535 3.8053
49 3578 2.41354
49 3593 4.11137
49 3623 3.72806
49 3635 4.14167
49 3681 3.81552
49 3703 3.78671
49 3740 3.43498
49 3753 3.93592
49 3793 2.82459
49 3863 3.01305
49 3882 2.91579
49 3897 4.53263
49 3977 3.1747
49 3984 3.5366
49 3996 3.73888
49 4034 3.53484
49 4085 3.59042
49 4105 4.21778
49 4128 4.06076
49 4148 3.38405
49 4210 3.85006
49 4226 3.60577
49 4327 3.95668
49 4446 2.47394
49 4487 2.87596
49 4636 4.13587
49 4641 2.90283
49 4678 4.21709
49 4855 2.91697
49 4865 3.4435
49 4878 3.57615
49 4886 3.55158
49 4896 3.44335
49 4973 2.86481
49 4993 4.12097
49 5021 3.47522
49 5060 2.73299
49 5072 3.64679
49 5146 3.9115
49 5254 4.10156
49 5294 3.49432
49 5349 4.03453
49 5418 2.79527
49 5445 3.88163
49 5464 3.3674
49 5489 2.73493
49 5618 3.58933
49 5630 3.25044
49 5669 2.76848
49 5690 3.17929
49 5782 2.92079
49 5816 3.75911
49 5903 3.12338
49 5952 3.55033
49 5971 3.67974
49 5995 3.25836
49 6157 4.48218
49 6283 4.0406
49 6333 4.41444
49 6350 4.00054
49 6461 3.06147
49 6502 4.09734
49 6534 3.39649
49 6539 3.94007
49 6541 4.16542
49 6711 3.46033
49 6755 3.98395
49 6807 3.26959
49 6857 4.36823
49 6874 4.42767
49 6880 4.22041
49 6986 4.48427
49 7090 3.89544
49 7099 4.43241
49 7153 4.24507
49 7360 3.41192
49 7373 4.16597
49 7387 4.24984
49 7438 2.55671
49 7439 3.70298
49 7481 4.18565
49 7482 4.02974
49 7569 4.23588
49 7842 4.81384
49 7925 4.44838
49 8157 2.49876
49 8225 3.35115
49 8228 4.13462
49 8253 3.4228
49 8368 4.3227
49 8370 4.21817
49 8376 3.78469
49 8636 3.63023
49 8874 3.79468
49 8957 4.17066
49 8961 3.97873
49 26242 2.92949
49 26662 3.49386
49 30707 3.87126
49 31221 4.26355
49 31658 3.66667
49 31660 3.63793
49 31696 3.64039
49 32587 3.03882
49 33794 1.99383
49 33834 3.93511
49 34150 3.87153
49 34153 4.18359
49 34405 3.36893
49 37382 4.55131
49 37733 4.15876
49 37830 4.25962
49 40815 4.25236
49 40819 2.02577
49 41566 4.95161
49 44191 4.64706
49 45081 2.97059
49 45499 3.86713
50 296 3.1635
50 318 2.76759
50 480 3.34715
50 527 2.825
50 780 2.38861
50 858 2.16566
50 1213 3.38535
50 1221 3.77528
50 2571 1.21652
50 2959 3.24606
51 1 4.70628
51 47 4.93862
51 111 4.11375
51 296 4.45954
51 318 4.05937
51 431 3.71721
51 593 4.5426
