50 70000
2 2.18315 0.955824 7506 5655.79 4538.67
2 3.30469 0.738699 8370 4995.72 1854.52
3 2.5402 0.817856 9866 5973.73 1689.38
2 2.82091 0.568616 9212 4155.79 814.258
3 2.20283 0.999462 8129 3793.78 2965.98
3 3.51734 0.818776 6948 4299.29 2045.65
2 3.91833 0.763372 10402 5582.67 1285.08
1 3.67459 0.903862 8126 4451.64 361.295
3 3.84798 0.596107 6545 3732.35 1257.35
3 2.04668 0.728851 10307 3554.06 3329.86
1 3.9119 0.633333 10667 5797.48 2668.57
2 3.28075 0.765803 7225 5302.85 5094.59
1 3.79551 0.642147 10115 5446.57 1424.57
1 2.06215 0.720052 6712 3948.13 474.112
3 1.99101 0.67518 8082 5912.11 1852.9
1 2.76592 0.71978 8423 5818.43 443.041
2 3.4443 0.741245 10284 5959.62 4673.55
3 3.76038 0.82054 10061 5878.87 3339.83
1 1.84318 0.723517 10135 4330.14 3351.23
3 1.8287 0.584804 10923 4624.55 431.52
2 1.37823 0.992376 6282 5553.28 361.869
1 2.14956 0.64708 9750 4495.39 3451.44
3 1.73324 0.562737 10149 5476.8 1131.57
3 3.23521 0.526265 10525 6065.28 2902.13
1 1.72019 0.828282 6687 5478.17 179.361
2 3.2792 0.760105 8655 3864.24 3561.99
3 1.61397 0.786659 10783 5713.13 1396.99
3 1.47342 0.944978 6433 4051.69 3543.45
3 1.16217 0.502081 7305 3695.29 284.745
1 1.54112 0.956513 8177 4557.56 822.535
2 2.65746 0.843694 8624 4721.95 4251.54
1 3.27188 0.788486 9191 6179.02 756.919
1 2.88673 0.916619 6608 5519.07 412.7
1 3.49311 0.951683 9197 5508.29 91.2955
3 2.49178 0.944474 9197 5741.03 5299.08
1 1.74413 0.85031 8064 4118.67 2813.87
3 1.69428 0.611828 8625 5209.29 1817.75
2 3.9144 0.859634 6391 4974.49 4411.07
3 2.77762 0.668176 8169 4717.48 719.112
2 1.00969 0.916622 7233 5115.9 3919.55
3 2.44885 0.856044 8351 4323.38 3534.28
2 1.12259 0.836968 6542 5379.16 1949.72
2 1.55387 0.865365 9322 5193.33 3488.25
2 1.60664 0.826565 9072 5348.84 3972.98
1 1.26293 0.843062 7064 5868.94 5318.86
1 2.0848 0.833278 6815 5101.67 3628.66
3 1.86514 0.992182 10422 4012.33 3997.97
2 1.99444 0.979318 8845 4678.54 380.188
3 3.09723 0.691916 6939 5351.62 1208.54
3 3.74882 0.896828 8810 4049.58 1830.73
