1 122 5.75066
1 185 4.46779
1 231 5.07524
1 292 4.66885
1 316 6.03483
1 329 4.31924
1 355 4.8929
1 356 4.72622
1 362 4.77826
1 364 4.74331
2 110 3.58573
2 151 2.69128
2 260 3.12208
2 376 2.22579
2 539 2.10347
2 590 3.05267
2 648 2.15385
2 719 2.41964
2 733 3.73598
2 736 2.49048
3 110 4.40063
3 151 3.72222
3 213 4.5349
3 590 3.80313
3 1148 2.05924
3 1246 4.45618
3 1252 4.20501
3 1276 4.29089
3 1288 3.29348
3 1408 3.58072
4 21 4.25791
4 34 4.36338
4 39 4.06957
4 110 4.91462
4 150 4.22912
4 153 4.62137
4 161 4.88227
4 165 3.56622
4 208 3.52258
4 231 4.23008
5 25 3.6479
5 28 3.77652
5 30 3.60502
5 32 3.82616
5 47 3.9127
5 52 3.46449
5 57 3.18638
5 58 3.84638
6 32 4.42422
6 260 4.25706
6 349 3.80406
6 457 2.38346
6 858 2.92857
6 1193 4.64711
6 1196 4.88116
6 1197 4.58165
6 1198 4.69248
6 1264 4.53319
7 32 4.0478
7 50 4.50243
7 101 2.05664
7 260 3.87488
7 541 2.64751
7 593 3.75789
7 599 2.33858
7 608 3.55262
7 800 2.55251
7 899 4.04847
8 16 3.909
8 19 2.59501
8 22 3.32136
8 31 3.10151
8 32 4.09755
8 34 3.69857
8 36 3.95732
9 50 4.46879
9 104 3.15103
9 235 2.95942
9 920 4.2352
9 1080 3.45477
9 1230 3.84282
9 1288 3.36364
9 1380 3.81677
9 1500 3.18047
9 1653 3.22574
10 17 3.79263
10 21 3.57547
10 25 3.66645
10 34 3.69294
10 36 3.85994
10 42 2.85695
10 58 3.90054
10 62 3.42607
11 260 4.47265
11 296 4.35962
11 349 3.93673
11 440 3.97261
11 480 4.50786
11 539 3.32974
11 733 5.00574
11 750 2.88266
11 858 3.59659
11 908 4.65318
12 253 2.11101
12 345 3.87815
12 454 4.03504
12 736 3.14723
12 780 3.91358
12 1033 3.61538
12 1127 3.16364
12 1333 2.88899
12 1391 3.72581
13 20 2.56993
13 23 2.82507
13 31 2.99218
13 50 4.40722
13 71 2.05817
13 88 2.88324
13 141 2.90808
13 173 2.21876
13 253 2.09466
14 260 3.71017
14 333 2.63611
14 343 3.50718
14 524 4.30298
14 837 3.54084
14 902 3.77109
14 953 4.11329
14 1028 3.99621
16 29 4.29892
16 32 4.36388
16 196 3.65609
16 198 4.33274
16 260 4.20389
16 367 3.27734
16 480 4.23876
16 541 3.05886
16 611 3.67145
16 849 3.91966
17 32 4.40568
17 50 4.86848
17 111 3.67639
17 260 4.14726
17 589 4.04758
17 593 3.94713
17 802 2.29138
17 858 2.88333
17 903 4.42513
17 908 4.35316
18 11 3.6677
18 17 3.90427
18 20 2.67221
18 23 2.93918
18 25 3.81815
19 13 2.78961
19 17 3.88741
19 21 3.69051
19 28 3.948
19 31 3.16304
19 39 3.51955
19 40 3.56793
19 45 3.49937
22 19 2.2554
22 21 3.4533
22 32 3.79216
22 34 3.55931
22 47 3.94162
22 50 4.30944
22 110 4.1084
22 150 3.43799
22 153 3.79971
22 161 4.06394
23 17 4.12182
23 21 3.9331
23 32 4.22717
23 39 3.73135
23 47 4.34277
23 50 4.70371
23 62 3.8906
23 95 4.12126
24 17 4.44299
24 32 4.5844
24 62 4.22394
24 64 3.33585
24 94 3.65954
26 19 2.89081
26 47 4.5928
26 110 4.78764
26 150 4.04505
26 153 4.43919
26 161 4.73606
26 165 3.42089
26 185 3.34021
26 208 3.37271
27 12 2.45773
27 32 4.09485
27 61 3.14685
27 65 2.37692
27 79 3.02436
27 88 3.05548
27 95 3.84098
27 100 4.01659
27 102 3.23399
28 1097 3.51719
28 1197 4.46948
28 1220 4.51573
28 1270 4.04197
28 1278 4.15203
28 1394 2.58296
28 1967 2.84499
28 1968 2.88794
28 2000 3.85174
28 2005 2.95353
29 1918 2.1368
29 1999 1.68731
29 2023 1.93829
29 2404 0.848668
29 2769 1.49235
29 3404 1.35885
29 3478 1.83566
29 3863 1.62047
29 3865 1.26249
29 3879 1.85393
30 11 4.52452
30 17 4.65437
30 28 4.75444
30 34 4.59477
30 43 4.2338
30 47 4.96385
30 62 4.48856
30 92 3.33144
33 17 3.27264
33 26 3.12177
33 32 3.46084
33 36 3.5033
33 52 3.19734
33 62 3.15988
33 92 1.92082
34 19 1.97459
34 22 2.75238
34 23 2.39159
34 24 2.58165
35 32 3.57401
35 47 3.76501
35 63 2.45899
35 70 2.87589
35 95 3.43333
35 150 3.09809
35 160 3.18389
35 165 2.36327
35 223 2.61229
36 11 3.73458
36 13 2.86139
36 15 2.50808
36 16 3.80781
36 18 3.14369
37 32 3.22539
37 47 3.39497
37 50 3.69629
37 70 2.49376
37 110 3.44594
37 112 2.35988
37 223 2.31046
37 293 2.00061
37 296 2.94305
37 318 2.65161
38 22 3.43077
38 27 3.23528
38 34 3.75773
38 39 3.52653
38 47 4.25079
38 62 3.63666
38 110 4.24664
38 140 3.50144
38 145 2.72966
40 34 3.89489
40 36 4.12483
40 50 4.66939
40 150 3.73263
40 174 3.71135
40 176 2.95022
40 223 3.32759
40 235 3.31133
40 246 3.07705
40 290 3.50902
41 39 3.42397
41 45 3.36571
41 69 3.44536
41 105 3.72631
41 140 3.337
41 141 2.96617
41 163 3.36535
41 195 2.74955
41 223 3.06239
41 236 2.99944
42 46 3.12505
42 110 4.2228
42 151 3.29212
42 165 2.87039
42 261 3.88881
42 357 2.5783
42 364 3.17322
42 372 3.20758
42 509 2.93313
42 539 2.80862
43 11 4.64306
43 17 4.78213
43 34 4.64441
43 39 4.39045
43 104 4.16735
44 16 4.39959
44 17 4.48631
44 25 4.38064
44 34 4.35987
44 50 5.04453
44 125 2.63543
44 150 4.09897
44 162 4.00929
44 265 3.26945
44 290 3.75606
45 50 4.44692
45 70 3.2148
45 110 4.18113
45 235 3.06815
45 260 3.73025
45 266 3.3381
45 293 2.69282
45 356 3.17608
45 457 2.11996
45 524 4.36695
46 163 3.45366
46 165 2.769
46 172 2.40849
46 370 3.80007
46 589 3.70857
46 832 3.70276
46 908 4.04477
46 1073 3.7122
46 1097 3.226
46 1196 4.47478
47 19 3.04747
47 32 4.65941
47 34 4.30632
47 50 5.13793
47 110 4.88541
47 111 4.04501
47 150 4.22514
48 267 3.80645
48 519 3.81159
48 1972 3.26471
48 2447 3.21182
48 2696 3.81203
48 2808 3.18831
48 3755 3.38571
48 3955 3.82353
48 4369 2.89583
48 4728 3.52972
50 34 3.58195
50 39 3.28887
50 110 4.1096
50 150 3.45954
50 151 3.15981
50 153 3.85675
50 160 3.54822
50 165 2.7188
50 185 2.74713
51 11 4.23972
51 17 4.37378
51 34 4.23084
51 52 4.01747
51 58 4.36651
51 111 3.77317
51 194 3.391
51 260 4.24685
51 296 4.10637
52 36 4.09586
52 50 4.64762
52 288 4.27463
52 596 3.22993
52 800 2.70861
52 904 4.09591
52 913 4.10697
52 926 4.3463
52 950 3.62954
52 1093 3.25543
53 50 4.61043
53 185 2.77816
53 371 2.27772
53 527 3.19386
53 575 3.07653
53 662 4.5306
53 678 2.33938
53 780 3.79882
53 968 3.71795
53 986 2.42587
54 11 3.38427
54 34 3.42308
54 47 3.81023
54 50 4.17314
54 62 3.38881
54 105 3.40739
54 110 3.97242
54 150 3.30827
54 161 3.91575
55 162 3.17913
55 203 2.09329
55 236 2.66654
55 613 2.08241
55 1089 3.84758
55 1172 3.89231
55 1193 3.93425
55 1221 4.06037
55 1278 3.33394
55 1884 3.27622
56 16 4.0637
56 34 3.99965
56 50 4.73652
56 52 3.94696
56 110 4.57499
56 111 3.57956
57 12 3.3662
57 17 4.74659
57 18 4.1329
57 25 4.64777
58 25 4.04757
58 34 4.05199
58 36 4.21285
58 39 3.77978
58 50 4.72968
58 58 4.21015
58 110 4.50368
58 111 3.64635
58 199 2.94567
59 150 3.64702
59 153 4.06222
59 161 4.31437
59 165 2.83096
59 185 2.92867
59 231 3.69221
59 292 3.24125
59 296 3.65053
59 316 4.61505