1 1193 4.27073
1 661 3.97101
1 914 3.4918
1 3408 3.82639
1 2355 3.79919
1 1197 4.35375
1 1287 3.90246
1 2804 3.99025
1 594 3.80672
1 919 4.54988
1 595 4
1 938 4.21048
1 2398 3.71587
1 2918 2.64454
1 1035 3.67269
1 2791 4.42499
1 2687 2.97606
1 2018 3.90897
1 3105 3.37088
1 2797 3.72941
1 2321 2.82284
1 720 4.04327
1 1270 4.25112
1 527 3.79545
1 2340 2.81009
1 48 3.26344
1 1097 3.83983
1 1721 3.74017
1 1545 3.61964
1 745 3.20625
1 2294 3.13249
1 3186 3.13937
1 1566 2.66218
1 588 1.08511
1 1907 2.56735
1 783 4.52632
1 1836 3.89024
1 1022 4.00588
1 2762 3.875
1 150 3.82528
1 1 4.42474
1 1961 4.10598
1 2692 3.11607
1 260 3.97502
1 1028 3.20134
1 1029 4.19382
1 1207 4.54562
1 2028 3.96288
1 531 4.01417
1 3114 4.24779
1 608 2.58793
1 1246 4.21712
2 1357 2.98954
2 3068 3.44693
2 647 2.92007
2 2194 3.12364
2 648 3.14051
2 2268 4.06104
2 2628 3.69486
2 1103 1.86957
2 2916 3.44192
2 3468 3.7129
2 1210 3.89167
2 1792 3.6465
2 1687 3.21995
2 1213 4.11048
2 3578 2.33128
2 2881 3.87224
2 3030 3.89027
2 1217 4.16099
2 3105 3.09668
2 434 2.02925
2 2126 3.99566
2 3107 3.75573
2 3108 3.54714
2 3035 3.14413
2 1253 4.27311
2 1610 2.55778
2 292 3.10566
2 2236 3.95439
2 3071 2.9372
2 902 4.42702
2 368 3.21133
2 1259 4.2628
2 3147 3.09333
2 1544 3.75338
2 1293 3.61839
2 1188 3.31358
2 3255 7
2 3256 2.70451
2 3257 2.49153
2 110 4.22838
2 2278 3.33791
2 2490 2.6904
2 1834 3.02019
2 3471 3.88421
2 589 3.64737
2 3654 1.38596
2 2852 4.32193
2 1945 3.40017
2 982 3.42738
2 1873 3.90823
2 2858 3.35733
2 1225 4.09633
2 2028 3.73211
2 515 2.46444
2 442 2.54347
2 2312 2.02351
2 265 2.67152
2 1408 2.54862
2 1084 3.99618
2 3699 2.01582
2 480 3.76401
2 1442 2.49308
2 2067 3.21086
2 1265 4.39529
2 1370 3.13474
2 1193 4.07652
2 1801 2.28823
2 1372 3.89404
2 2353 2.61814
2 3334 3.36144
2 2427 3.64503
2 590 4.39975
2 1196 4.28309
2 1552 2.44805
2 736 4.57226
2 1198 3.7455
2 593 3.82864
2 2359 3.3569
2 95 3.99332
2 2717 3.15378
2 2571 3.15727
2 1917 2.28482
2 2396 2.60643
2 3735 3.68463
2 1953 3.31999
2 1597 3.07486
2 3809 3.33462
2 1954 3.57972
2 1955 3.35764
2 235 2.97654
2 1124 4.01754
2 1957 3.37661
2 163 3.58565
2 21 3.58761
2 165 2.50728
2 2321 2.53255
2 1090 1.6303
2 380 3.23876
2 2501 3.91643
2 349 3.34715
2 457 2.06971
2 1096 4.28925
2 920 3.97227
2 459 2.47031
2 1527 3.24008
2 3418 2.99351
2 1385 3.60899
2 3451 3.28753
2 3095 3.77987
2 780 3.71429
2 498 3.80981
2 2728 2.88821
2 2002 3.94968
2 1784 1.86957
2 2943 3.68172
2 2006 3.58898
2 318 3.50713
2 1207 4.35157
2 1968 2.31693
2 3678 3.94099
2 1244 4.14729
2 356 3.29932
2 1245 4.10704
2 1246 4.00123
2 1247 4.11083
3 3421 2.97958
3 1641 3.21049
3 648 3.22121
3 1394 3.19172
3 3534 3.11238
3 104 3.20459
3 2735 3.26783
3 1210 3.98997
3 1431 3.08668
3 3868 2.96508
3 1079 3.72358
3 2997 4.16667
3 1615 3.6675
3 1291 3.76937
3 1259 4.2902
3 653 3.65217
3 2167 1.76923
3 1580 2.84737
3 3619 1.90476
3 260 3.85916
3 2858 3.3965
3 3114 4.02416
3 1049 3.2
3 1261 4.20089
3 552 3.97127
3 480 3.78077
3 1265 4.44944
3 1266 3.87846
3 733 2.51029
3 1196 4.29196
3 590 4.32833
3 2355 3.62419
3 1197 4.18987
3 1198 3.7579
3 1378 3.07805
3 593 3.81343
3 1379 3.28644
3 3552 3.03707
3 1304 1.3882
3 1270 4.11973
3 2470 2.8
3 3168 3.56
3 2617 3.19355
3 1961 3.94069
3 3671 3.96224
3 2006 3.77027
3 2871 3.84291
3 2115 4.0643
3 1968 2.29271
3 1136 3.70833
3 2081 2.27926
4 3468 3.73748
4 1210 3.90868
4 2951 4.00305
4 1214 3.76489
4 1036 3.21389
4 260 3.95187
4 2028 3.72257
4 480 3.81729
4 1196 4.34416
4 1198 3.70671
4 1954 3.67865
4 1097 3.62108
4 3418 3.25243
4 3702 3.31172
4 2366 3.81609
4 1387 3.13057
4 3527 2.21429
4 1201 4.20322
4 2692 2.83721
4 2947 3.40526
4 1240 4.07042
5 2987 2.84174
5 2333 3.12815
5 1175 2.58785
5 39 3.07636
5 288 3.2612
5 2337 2.43594
5 1535 2.43071
5 1392 3.05202
5 2268 3.46199
5 1466 1.32823
5 860 1.68992
5 1683 1.13969
5 866 2.38474
5 1684 3.20231
5 2916 2.69672
5 215 2.38498
5 1759 1.87102
5 501 2.19786
5 3578 1.6893
5 506 3.11806
5 1250 3.63248
5 3793 2.66012
5 509 2.23423
5 41 3.41909
5 1610 1.9109
5 2058 2.02719
5 3799 3.1804
5 2997 3.49038
5 47 3.50564
5 2700 3.11412
5 296 3.38287
5 581 3.14907
5 1617 2.01429
5 728 2.38411
5 299 2.74198
5 3079 3.43265
5 2560 2.69014
5 1909 1.464
5 150 2.96156
5 224 1.22222
5 3728 2.73447
5 229 2.59135
5 6 3.18584
5 3006 3.21794
5 2858 2.83902
5 1046 2.76862
5 515 1.85507
5 800 1.82599
5 50 3.94963
5 52 3.09331
5 1191 3.72354
5 1192 3.65054
5 733 1.84308
5 3081 1.29412
5 377 2.92133
5 2353 1.9142
5 1268 3.49115
5 3083 1.14474
5 2427 3.12263
5 3513 2.32287
5 2428 2.68191
5 2355 2.90829
5 2282 2.00769
5 1554 3.26359
5 1912 1.34448
5 593 3.21142
5 2359 2.86576
5 2716 2.67697
5 1485 2.70732
5 2717 2.77679
5 2571 2.63146
5 2289 3.80786
5 162 2.73026
5 1127 0.526316
5 3016 2.9011
5 2070 3.32946
5 1704 1.86572
5 2437 2.16426
5 2291 3.30814
5 1635 3.14109
5 1279 3.01683
5 2721 2.37029
5 2723 3.43449
5 1921 1.01653
5 2725 2.01078
5 1923 2.00702
5 2580 3.51638
5 3386 2.00954
5 3744 2.97158
5 896 3.42908
5 3020 3.48882
5 1788 2.60627
5 318 2.79315
5 176 2.05249
5 461 2.04758
5 608 1.72521
5 1429 2.34653
5 2159 3.1141
5 1715 2.81589
5 1643 2.77157
5 3249 3.40545
5 3176 3.09437
5 2806 2.83557
5 2734 2.39768
5 1649 3.09197
5 321 3.21943
5 2013 3.11351
5 3100 3.17981
5 2952 2.78305
5 1213 3.51223
5 1794 1.3421
5 2599 1.83444
5 1500 3.63005
5 3105 2.43985
5 2959 0.68652
5 1509 2.96806
5 1721 2.84743
5 1722 1.93066
5 1650 2.92748
5 908 3.6671
5 1580 2.17197
5 1653 2.98312
5 2384 0.841608
5 1729 1.59649
5 3476 2.37195
5 3113 3.20346
5 2028 3.11211
5 16 3.20283
5 265 2.05603
5 2029 2.8111
5 194 2.23261
5 551 2.05782
5 1513 2.10987
5 3046 3.62932
5 2318 1.39048
5 1517 2.80769
5 1089 3.70719
5 3260 3.27365
5 913 3.48106
5 1730 3.3733
5 3408 3.00545
5 3409 2.35016
5 2607 2.88106
5 1449 2.85169
5 1732 2.45845
5 1733 2.39266
5 2390 1.85324
5 1734 1.82619
5 3266 3.59888
5 3267 1.7439
5 919 3.79457
5 3624 1.95521
5 2395 2.82311
5 1594 3.21056
5 2683 2.11289
5 412 1.77561
5 2759 1.77584
5 994 2.26722
5 1884 3.59675
5 1885 3.51477
5 272 1.47244
5 24 2.47193
5 3051 1.79518
5 348 2.68815
5 2323 3.23621
5 29 3.55574
5 562 2.61527
5 1527 2.61348
5 3418 2.19481
5 2188 2.03546
5 497 2.72638
5 202 2.4653
5 1747 2.95821
5 2908 2.53056
5 2762 3.52155
5 2692 1.94751
5 1966 2.20553
5 3499 2.98928
5 353 3.39854
5 32 3.37402
5 1243 3.82912
5 1897 3.11117
5 1171 3.21468
5 3786 3.08961
5 34 3.38049
5 356 2.82232
5 357 1.73435
5 36 3.37616
5 714 3.34403
6 2406 3.53588
6 1101 3.82727
6 3717 2.9463
6 1030 3.53549
6 1035 3.51638
6 3578 2.51509
6 364 3.3439
6 3501 3.42127
6 3072 3.53646
6 368 3.26555
6 296 3.92371
6 48 3.13834
6 3074 3.54977
6 1188 3.41591
6 3508 3.74858
6 588 1.34545
6 1 4.173
6 1043 3.56151
6 2858 3.44877
6 377 3.6328
6 590 4.27783
6 595 3.81818
6 597 3.17059
6 383 2.97583
6 2506 2.71368
6 3524 3.25862
6 1566 2.55371
6 1569 4.01493
6 2006 3.73139
6 2081 2.31971
6 2082 3.8232
6 3600 3.95946
6 3604 3.18841
6 2802 3.6259
6 3534 3.15064
6 3536 3.78325
6 1210 3.91483
6 3753 3.99761
6 2017 3.73618
6 3685 3.73314
6 3610 3.78801
6 1296 2.67677
6 838 3.55214
6 1007 3.7801
6 1947 3.61158
6 2966 3.87126
6 266 3.59706
6 17 4.02368
6 3699 2.17119
6 1088 4.02803
6 912 4.39824
6 199 2.74271
6 914 3.40157
6 3408 3.61078
6 1806 3.49721
6 3624 2.64461
6 2469 2.05991
6 2396 2.99237
6 2100 3.1334
6 1959 2.61623
6 2321 2.61904
6 920 4.00581
6 569 5.37255
6 1674 3.49041
6 3565 3.57036
6 1028 3.28177
6 34 3.91442
7 648 3.64787
7 2916 3.97468
7 3578 2.8033
7 3793 3.4966
7 1610 3.00674
7 589 4.1883
7 6 4.36017
7 442 3.09141
7 733 3.03746
7 377 4.15896
7 2353 3.14542
7 1196 4.83574
7 2571 3.68827
7 380 3.76654
7 1997 4.18822
7 1270 4.58673
7 457 2.61041
7 1573 3.81118
7 3753 4.40498
7 3107 4.23655
7 474 4.13075
7 1722 3.1442
7 3256 3.17634
7 1580 3.58209
7 110 4.73855
7 1221 4.69732
7 2028 4.21356
7 480 4.34508
7 349 3.87279
7 3418 3.51376
8 39 3.99119
8 2336 2.60858
8 288 4.21325
8 3425 1.42553
8 2268 4.35021
8 1466 2.4
8 1393 3.85333
8 1682 4.07728
8 2916 3.82428
8 506 4.03378
8 508 3.37461
8 3213 4.52906
8 42 3.24601
8 3500 3.60784
8 296 4.22377
8 3147 3.50643
8 3148 1.92593
8 2702 3.64878
8 2278 3.77918
8 1476 4.09802
8 2490 3.03456
8 589 4.00738
8 1836 4.00095
8 1693 4.1636
8 150 3.94179
8 151 3.73995
8 1 4.5115
8 510 3.49708
8 4 3.08234
8 3006 4.20666
8 2858 3.71631
8 1621 2.80659
8 1265 4.77286
8 733 2.86329
8 377 3.94936
8 3155 3.73385
8 2427 4.13593
8 58 4.4175
8 2712 3.54111
8 2429 3.05396
8 1840 3.28889
8 2571 3.51669
8 1916 2.45499
8 1488 3.04926
8 230 4.41468
8 1120 3.52427
8 161 4.44618
8 163 3.92473
8 1411 4.6
8 524 4.88777
8 1059 4.26546
8 527 3.97059
8 454 4.45994
8 1701 3.44093
8 1274 4.48986
8 741 4.87832
8 1704 2.90974
8 1277 4.32695
8 2291 4.25678
8 1639 4.03481
8 3528 2.76433
8 2297 3.15816
8 3386 2.99086
8 2006 3.87273
8 608 2.74893
8 465 3.61747
8 538 4.67015
8 393 4.60976
8 2442 4.02727
8 1357 3.3652
8 73 4.14196
8 3246 3.39631
8 3173 4.06233
8 1573 3.62369
8 105 4.24213
8 1210 4.27847
8 1213 4.45582
8 253 2.448
8 3105 3.38237
8 3107 4.11656
8 3250 3.80484
8 3252 3.95284
8 1721 3.83057
8 476 3.21941
8 3256 3.04245
8 908 4.61622
8 3257 2.73851
8 1653 3.90013
8 1580 3.13646
8 110 4.6125
8 111 3.81341
8 3259 4.05709
8 3186 3.22433
8 1589 3.94606
8 2023 3.25989
8 14 3.87377
8 2028 4.06933
8 337 3.58929
8 265 3.03144
8 16 4.18023
8 266 3.87444
8 17 4.33373
8 2314 2.0249
8 2600 2.96287
8 480 4.08967
8 269 3.53554
8 555 3.07235
8 1801 2.65129
8 3260 4.19487
8 1730 4.35795
8 1660 2.04295
8 3265 3.8352
8 1735 3.78368
8 3267 2.69686
8 3481 4.11095
8 2396 2.77679
8 2686 2.20706
8 2688 3.44423
8 345 4.12078
8 2320 3.54993
8 24 3.49441
8 25 4.07734
8 2324 2.37474
8 349 3.68111
8 562 3.60261
8 2329 3.82577
8 1810 2.32794
8 2541 4.51109
8 3418 3.24757
8 1673 3.96063
8 2908 3.42223
8 1678 2.94095
8 2692 2.90397
8 1027 4.86667
8 2699 3.29018
8 36 4.30724
9 2268 4.01066
9 1466 2.01614
9 1393 3.45183
9 1682 3.72961
9 3717 2.8685
9 508 2.96735
9 3793 3.10516
9 720 3.83798
9 367 2.89652
9 47 4.12591
9 3147 3.05471
9 3148 1.4
9 1617 2.64834
9 2278 3.39582
9 223 3.06769
9 150 3.57485
9 3298 3.83569
9 1 4.15134
9 3006 3.80589
9 2858 3.35943
9 50 4.5077
9 1265 4.33388
9 805 3.50746
9 3510 4.02315
9 377 3.55702
9 1552 2.38462
9 590 4.38895
9 3513 2.76699
9 2355 3.56192
9 1912 1.97958
9 593 3.76823
9 2571 3.19227
9 597 2.97195
9 300 3.78376
9 1777 3.76525
9 162 3.37075
9 524 4.52168
9 1343 2.89692
9 527 3.47727
9 3160 1.37705
9 529 3.04042
9 457 2.00138
9 1704 2.51539
9 745 2.59962
9 3452 2.46824
9 2294 2.83171
9 1921 1.61566
9 1639 3.68543
9 1923 2.60944
9 1784 1.78378
9 318 3.46077
9 608 2.3455
9 1356 3.63212
9 1358 3.35951
9 3178 3.90389
9 3751 1.8509
9 1210 3.89404
9 3826 2.1448
9 1213 4.0835
9 3755 1.90333
9 2599 2.49739
9 2302 3.50208
9 1500 4.14402
9 2959 1.21145
9 1148 2.75077
9 2166 2.20334
9 1721 3.47346
9 3253 1.78378
9 3255 4.33333
9 1653 3.55078
9 838 3.4924
9 1584 2.48917
9 1221 4.13917
9 1223 4.19463
9 2028 3.70002
9 3114 4.01714
9 16 3.82264
9 480 3.75062
9 1089 4.22682
9 912 4.41784
9 1446 2.99163
9 3408 3.61679
9 3623 2.58564
9 778 4.87429
9 1669 2.9498
9 3484 3.84072
9 412 2.38459
9 994 2.93064
9 1233 4.34575
9 1307 2.12437
9 25 3.69249
9 2324 2.04283
9 349 3.28316
9 920 3.92637
9 3270 4.73572
9 2762 3.89117
9 1961 3.85639
9 2692 2.97173
9 1310 2.93851
9 428 3.69283
10 2622 4.19052
10 648 3.64399
10 2628 4.07606
10 3358 3.71014
10 3359 3.85388
10 1682 4.15754
10 1756 3.70416
10 1320 4.32089
10 2124 4.28999
10 2125 3.92163
10 1250 4.58235
10 2054 2.8317
10 1252 4.24773
10 1253 4.62827
10 720 4.27971
10 3868 3.35779
10 1254 4.30446
10 3869 2.50489
10 1256 4.20999
10 3500 3.71996
10 1257 4.57719
10 3501 3.75
10 2997 4.35931
10 1259 4.65689
10 653 4.09474
10 1831 3.53501
10 3363 3.01845
10 586 4.4551
10 587 4.3219
10 3438 3.83739
10 588 1.68731
10 3439 4.43849
10 589 4.08455
10 3296 4.34925
10 223 3.56671
10 150 4.05121
10 1 4.60182
10 2497 4.38632
10 2 3.63943
10 2498 2.97258
10 153 4.08538
10 7 3.80796
10 2133 3.73172
10 2135 4.67452
10 2136 4.30082
10 2137 3.96007
10 1408 3.02897
10 802 4.15464
10 2138 4.47236
10 1409 3.23088
10 2067 3.6719
10 1265 4.67554
10 1339 2.91171
10 1269 4.58008
10 1196 4.67835
10 590 4.754
10 1197 4.5611
10 1198 4.1947
10 2640 4.28694
10 592 4.32139
10 594 4.02363
10 2716 3.70758
10 595 4.24146
10 2717 3.56932
10 2571 3.62168
10 596 4.53334
10 3447 3.65626
10 597 3.48497
10 1918 2.37852
10 2140 4.55502
10 1411 4.75758
10 2072 4.09569
10 1270 4.44234
10 1271 4.01294
10 1345 4.34716
10 2077 3.78275
10 2078 3.55299
10 1276 4.06036
10 1278 4.14586
10 745 3.3005
10 3451 3.69572
10 3525 2.04307
10 1921 2.0365
10 1923 3.09793
10 1927 2.79345
10 3386 3.06482
10 2657 4.24282
10 3388 4.42072
10 1784 2.47368
10 316 4.92852
10 317 4.37203
10 318 3.87977
10 248 3.09187
10 2080 3.36457
10 2081 2.68323
10 2082 4.18594
10 1282 4.36395
10 1356 4.11251
10 1283 4.38236
10 750 4.40371
10 1357 3.48843
10 2087 3.89252
10 1286 4.22215
10 1287 4.12134
10 2804 4.18798
10 3608 3.90423
10 2662 3.92464
10 3466 3.44268
10 3100 4.13879
10 2300 2.19323
10 253 2.59827
10 180 2.17554
10 2599 3.09513
10 2302 3.90714
10 329 3.02445
10 3034 4.05515
10 3108 3.93827
10 3035 3.57198
10 186 3.7633
10 3037 4.23847
10 2090 3.07969
10 3039 3.87725
10 2091 3.92013
10 902 4.71956
10 830 3.08302
10 2093 4.08916
10 1291 4.1122
10 904 4.44931
10 2094 2.81159
10 1292 1.48012
10 1293 4.13938
10 2096 2.51871
10 1294 2.40936
10 765 4.11628
10 3471 4.22058
10 2746 3.30955
10 1009 3.24894
10 1947 3.95947
10 1948 3.14081
10 333 3.16253
10 260 4.20675
10 3114 4.36339
10 2312 2.54951
10 339 4.18103
10 1513 3.31082
10 2316 3.80805
10 1517 3.72698
10 1371 3.40216
10 2174 3.22698
10 1372 4.31547
10 912 4.78061
10 913 4.42069
10 1374 4.45075
10 914 3.69442
10 1375 3.77517
10 915 4.67358
10 1376 4.1615
10 1377 4.27009
10 916 4.40153
10 918 4.17582
10 919 4.68784
10 1012 3.76068
10 3481 4.15503
10 2826 3.26789
10 3629 3.27695
10 1015 3.63254
10 1016 4.33922
10 1954 4.01914
10 1019 3.91729
10 1884 4.46749
10 3489 3.46324
10 1959 2.95951
10 344 3.73462
10 24 3.59446
10 2321 2.9835
10 275 3.59225
10 2324 2.54825
10 2252 3.55381
10 277 4.24416
10 920 4.31691
10 923 4.135
10 924 4.03537
10 3701 3.74484
10 3702 3.88933
10 780 4.1502
10 3703 3.77085
10 1387 3.58285
10 926 4.01707
10 3704 2.28101
10 1020 4.18914
10 784 3.14062
10 858 3.32258
10 1022 4.18569
10 2762 4.16283
10 1023 4.37685
10 1961 4.36464
10 1025 3.11589
10 2693 4.53583
10 1028 3.78243
10 1967 3.52671
10 351 3.77457
10 32 4.41612
10 356 3.81214
10 357 2.94006
10 2405 2.90607
10 2407 3.66416
10 2336 2.74146
10 3066 4.64019
10 2193 3.78313
10 932 4.38473
10 1394 3.64693
10 938 4.31654
10 1101 4.07702
10 1030 3.9239
10 1031 3.27592
10 1104 3.71328
10 1032 3.85449
10 2918 2.87761
10 1035 3.89276
10 435 3.15822
10 364 3.76232
10 292 3.60319
10 367 3.38444
10 3072 3.6272
10 368 3.68392
10 48 3.4311
10 1544 4.19344
10 1617 3.01285
10 943 4.70697
10 3723 3.52187
10 1042 3.10686
10 2858 3.79611
10 370 4.2326
10 2423 3.18908
10 3153 3.83567
10 2424 3.25949
10 3155 3.76355
10 2355 4.03522
10 3086 3.85093
10 3087 3.86073
10 953 4.0426
10 954 4.50499
10 3809 3.60295
10 3591 3.60556
10 2863 4.92788
10 1124 4.44199
10 3593 2.70566
10 2791 4.57629
10 520 4.20173
10 3668 4.30632
10 1127 1.85714
10 2795 4.27202
10 1129 4.17762
10 2797 3.74383
10 1059 4.32874
10 2501 4.27133
10 527 4.26239
10 2431 3.93242
10 62 4.10301
10 1704 3.06239
10 3309 4.3121
10 1633 4.2571
10 2436 3.41541
10 2291 4.36762
10 3095 4.12968
10 2294 3.24637
10 3097 3.09625
10 1566 2.872
10 1639 4.17426
10 3099 4.05998
10 3812 5.0125
10 2000 4.29649
10 963 4.35758
10 2001 4.16038
10 1200 4.62087
10 2002 4.2845
10 1201 4.60936
10 2003 4.30198
10 3671 4.39121
10 1203 4.33726
10 2005 3.91276
10 1204 4.74562
10 2006 4.01199
10 969 3.22233
10 2872 4.37442
10 3675 3.11058
10 2946 3.40476
10 898 4.51006
10 2009 3.92985
10 2874 3.51866
10 899 4.65708
10 1135 4.29734
10 2948 3.53452
10 1136 4.08109
10 539 3.13731
10 2371 4.08568
10 3247 2.37736
10 3174 3.94036
10 3175 3.08945
10 2375 4.04099
10 1573 3.80782
10 104 3.61976
10 2378 3.09333
10 971 4.15148
10 2011 3.91201
10 3751 2.5164
10 1210 4.27062
10 2012 4.24744
10 2015 4.14044
10 1214 4.01047
10 1215 4.71
10 2018 4.19567
10 1073 3.6796
10 3688 3.7862
10 2959 1.81438
10 541 3.05329
10 542 2.57692
10 1148 3.02287
10 543 2.40061
10 1079 4.1205
10 3252 3.96525
10 1721 3.97346
10 3254 2.65
10 3255 4.8
10 2453 3.02982
10 110 4.56417
10 1580 3.19015
10 1653 3.97004
10 2529 3.05495
10 1654 3.94657
10 3259 4.16173
10 1583 4.34294
10 1584 2.98261
10 3189 3.23173
10 116 4.12072
10 2021 3.76782
10 1220 4.34773
10 1221 4.55343
10 1223 4.60644
10 1225 4.42017
10 1080 4.35955
10 2967 4.48227
10 2968 3.65674
10 551 3.16335
10 1084 4.37149
10 3699 2.43556
10 480 4.17678
10 1088 4.33785
10 2530 3.48492
10 3408 4.03603
10 3194 3.45175
10 2393 2.39528
10 3198 4.07723
10 2396 3.08475
10 2398 3.81701
10 2100 3.52039
10 2399 4.30758
10 1302 4.14242
10 1230 4.40454
10 2105 3.90753
10 1304 1.80465
10 2033 3.87575
10 1233 4.66572
10 2108 4.3538
10 1234 4.56503
10 1307 2.55057
10 2109 3.66525
10 1097 4.03817
10 2470 3.76115
10 2617 3.5805
10 3347 3.74518
10 203 3.21877
10 1676 3.58871
10 208 2.97295
10 2111 3.58997
10 2040 4.165
10 2041 4.20378
10 2115 4.37351
10 1240 4.46261
10 2043 3.69732
10 1243 4.75186
10 2045 2.58614
10 2046 4.13376
10 2047 4.07751
10 1247 4.49877
10 2049 4.17138
11 1753 2.84469
11 1682 3.44503
11 216 2.28241
11 2997 3.74286
11 1259 3.9179
11 1188 2.93968
11 2706 3.2641
11 586 3.72868
11 587 3.57973
11 2639 3.08665
11 2136 3.69063
11 1265 4.09019
11 2710 2.19851
11 663 4.04195
11 590 4.11999
11 1197 3.87473
11 2712 2.89223
11 1198 3.44255
11 593 3.43255
11 1916 1.76926
11 597 2.64233
11 3448 3.32339
11 231 3.25339
11 1777 3.48921
11 2076 3.40722
11 1278 3.34419
11 1923 2.3338
11 2580 3.73796
11 1784 1.52778
11 318 3.10494
11 246 2.64339
11 249 3.00325
11 1358 3.03798
11 1288 3.72225
11 2804 3.45935
11 3608 3.20534
11 2806 3.05796
11 3396 1.78475
11 3101 3.29209
11 2598 2.64118
11 2302 3.14349
11 3105 2.78209
11 3107 3.40938
11 2306 2.59603
11 2746 2.54902
11 333 2.40914
11 2174 2.47606
11 3552 2.76848
11 778 4.54491
11 2683 2.47943
11 342 3.51574
11 1887 3.54489
11 345 3.46805
11 272 1.76471
11 2321 2.21109
11 2325 2.92013
11 3129 2.94904
11 2329 3.13011
11 784 2.40873
11 2907 2.67313
11 2762 3.77432
11 2766 3.15215
11 3499 3.19605
11 356 3.03376
11 357 2.04419
11 36 3.67009
11 2335 3.20162
11 1461 1.39477
11 1394 2.83904
11 2918 2.05794
11 435 2.32432
11 47 3.83592
11 3146 2.87533
11 3148 1.43137
11 1546 2.73346
11 1042 2.29743
11 2858 3.05847
11 440 3.04843
11 441 1.96152
11 515 2.13097
11 50 4.26779
11 2355 3.25228
11 2282 2.26629
11 2359 3.12856
11 3809 3.13766
11 2791 3.93516
11 2795 3.61579
11 1059 3.58051
11 454 3.76411
11 1701 2.84236
11 3160 1
11 2431 3.11994
11 1704 2.18827
11 2507 3.76127
11 1563 2.61322
11 1498 3.90494
11 1136 3.19231
11 531 3.4507
11 608 2.04567
11 3174 3.17949
11 3249 3.68321
11 3176 3.33298
11 1573 2.95988
11 3178 3.61472
11 104 2.82866
11 1213 3.80954
11 3755 1.62889
11 2883 3.72997
11 2959 1.14068
11 543 1.526
11 3182 3.11777
11 85 3.05241
11 110 3.96264
11 88 2.59547
11 986 2.79953
11 1080 3.664
11 551 2.3469
11 480 3.43311
11 481 1.96858
11 1089 3.95475
11 1732 2.77448
11 2539 3.81906
11 1665 2.74456
11 2396 2.11151
11 994 2.63233
11 2106 3.30235
11 2109 2.97208
11 1307 1.79175
11 708 2.32523
11 3418 2.56818
11 1673 3.24901
11 1747 3.27042
11 1244 3.87997
12 1252 3.71909
12 3362 3.16406
12 1193 4.03633
12 1198 3.74932
12 593 3.80951
12 813 3.26471
12 2804 3.74403
12 919 4.17017
12 923 3.45849
12 858 1
12 934 4.01437
12 3658 3.59153
12 1641 3.04201
12 111 3.40031
12 1221 4.13763
12 3265 3.21579
12 1303 1.82741
12 1233 4.19201
12 999 2.63808
12 3785 3.53757
12 1247 4.06285
13 2987 3.31261
13 648 2.94568
13 2628 3.5569
13 2054 2.1701
13 1259 4.09229
13 589 3.4858
13 2 2.94891
13 153 3.61124
13 1331 3.38759
13 2135 4.20866
13 1262 3.97859
13 1196 4.14779
13 590 4.22388
13 1197 4.03084
13 736 4.40844
13 1198 3.59584
13 2640 3.9376
13 592 3.67144
13 2641 3.00961
13 593 3.57604
13 2571 2.98672
13 165 2.3408
13 316 4.39876
13 318 3.4
13 1429 2.69664
13 1356 3.46838
13 1287 3.56385
13 329 2.35562
13 3036 3.61455
13 1291 3.65829
13 2094 2.07941
13 1009 2.48108
13 3479 3.87096
13 10 3.28438
13 260 3.59698
13 1370 2.9556
13 1372 3.75762
13 1446 2.95141
13 1374 3.88406
13 1375 3.17553
13 1376 3.5441
13 1377 3.76651
13 919 4.19345
13 2822 3.66986
13 2686 1.64741
13 21 3.43622
13 349 3.1588
13 1527 3.01479
13 780 3.67708
13 3494 2.70467
13 421 2.43758
13 1967 2.86424
13 1393 3.2289
13 2916 3.17689
13 434 1.81323
13 1610 2.4132
13 3070 3.02314
13 2414 3.26316
13 368 2.99337
13 296 3.71736
13 1544 3.59099
13 1479 2.86892
13 1049 3.30769
13 517 2.68327
13 50 4.37103
13 952 3.32106
13 1127 1.38636
13 1129 3.67385
13 380 3.03305
13 527 3.68571
13 60 2.93456
13 457 1.91274
13 459 2.30602
13 2002 3.76553
13 2005 3.30264
13 3745 3.43675
13 2006 3.46499
13 1204 4.24147
13 2871 3.50097
13 2370 4.75
13 3175 2.38823
13 1210 3.75036
13 1216 4.19836
13 1073 3.01096
13 1722 2.43928
13 3256 2.57829
13 2528 3.61963
13 1580 2.58311
13 110 4.06664
13 1587 2.89074
13 2028 3.49439
13 2968 3.04332
13 3699 1.81565
13 552 3.76697
13 480 3.60282
13 3269 3.54839
13 2105 3.27551
13 1233 4.22362
13 1097 3.51562
13 3417 1.63636
13 3418 2.88663
13 2470 3.32143
13 2617 3.14375
13 2115 3.80175
13 2046 3.509
14 3354 2.89073
14 2997 3.38889
14 1263 3.38304
14 2572 2.99884
14 2731 0.795413
14 3033 3.14127
14 2243 2.89147
14 3623 1.96304
14 2826 2.12147
14 2686 1.275
14 2762 3.33077
14 2692 1.94737
14 2694 3.86024
14 1968 1.5242
14 3578 1.77193
14 296 3.47926
14 2920 3.25798
14 1982 1.93762
14 2858 2.78867
14 3081 1.51136
14 608 1.68268
14 2959 0.52381
14 1225 3.60614
14 2396 1.65625
14 2976 3.28739
15 3421 2.63141
15 648 2.84469
15 3354 3.19206
15 2485 3.16541
15 141 0.575758
15 2126 3.73574
15 2058 2.44855
15 3798 2.82708
15 2997 3.93007
15 653 3.36207
15 2702 3.01809
15 2706 3.27529
15 2707 2.98665
15 587 3.63225
15 2490 2.41449
15 1909 1.88759
15 2567 2.45836
15 3298 3.55328
15 3004 3.48544
15 3005 2.90745
15 6 3.5775
15 1265 4.11216
15 805 3.15441
15 1193 3.78001
15 733 2.23678
15 3510 3.82888
15 1196 4.02539
15 2712 2.8883
15 1198 3.46245
15 2640 3.68111
15 593 3.48448
15 1840 2.57576
15 2571 2.92931
15 300 3.53771
15 2719 2.6576
15 231 3.30712
15 160 3.41551
15 1777 3.52397
15 161 3.75816
15 1411 3.9375
15 1343 2.6646
15 1271 3.25666
15 748 3.9
15 2724 2.66317
15 1923 2.39108
15 2581 3.13408
15 3386 2.39832
15 1783 4.30612
15 1784 1.57576
15 318 3.24877
15 1422 3.7121
15 3534 2.65381
15 3461 3.24796
15 3535 2.45
15 2598 2.571
15 2302 3.20865
15 1500 3.86241
15 3105 2.83579
15 257 2.59848
15 3108 3.26975
15 1291 3.44536
15 832 2.22936
15 762 3.32373
15 2676 3.35837
15 260 3.51903
15 3113 3.50017
15 266 3.26884
15 1370 2.90335
15 3623 2.3262
15 3624 2.28815
15 2826 2.45204
15 2683 2.52236
15 1883 3.38993
15 3489 2.73378
15 1885 3.8254
15 2688 2.80115
15 344 3.08144
15 2321 2.28183
15 1527 2.94469
15 2188 2.44865
15 780 3.38506
15 2908 2.82166
15 2762 3.59944
15 2763 2.57407
15 3566 4.05881
15 2694 4.10353
15 1892 3.72299
15 3499 3.28027
15 1968 2.02088
15 32 3.67911
15 356 3.10156
15 357 2.16276
15 1608 3.41601
15 2268 3.78078
15 1466 1.78256
15 1396 3.74516
15 2840 3.73867
15 2841 3.65
15 3717 2.6478
15 2916 3.05
15 3646 2.9433
15 500 3.38091
15 3578 2.16144
15 434 1.77415
15 364 2.98141
15 1610 2.31488
15 367 2.62093
15 3145 3.43209
15 368 2.94543
15 47 3.85904
15 1615 3.35997
15 296 3.60215
15 3147 2.70632
15 2272 2.99107
15 3148 1.3012
15 2273 2.94429
15 1617 2.31215
15 1619 3.97289
15 2278 3.10898
15 3723 2.78786
15 2858 3.03594
15 442 2.25108
15 517 2.58753
15 50 4.23796
15 2424 2.64467
15 3081 1.70152
15 3155 3.0416
15 2427 3.39755
15 1625 3.2713
15 1485 2.7986
15 1487 2.32143
15 524 4.22857
15 380 2.97224
15 2501 3.43309
15 527 3.4712
15 3160 1.18644
15 1702 3.10599
15 457 1.7837
15 2506 2.35661
15 2433 3.77092
15 1704 2.29755
15 1639 3.40769
15 2000 3.66242
15 2001 3.44451
15 2002 3.68851
15 2006 3.3224
15 70 2.84976
15 539 2.32632
15 73 3.52917
15 3247 1.62105
15 3174 3.31538
15 1644 2.84463
15 3176 3.40993
15 1645 2.67891
15 3178 3.63206
15 104 2.91239
15 1210 3.63318
15 3753 3.65373
15 1213 3.81486
15 3755 1.75784