1 1193 4.8034
1 661 4.75546
1 914 4.69046
1 3408 4.8261
1 2355 4.83192
1 1197 4.81665
1 1287 4.81899
1 2804 4.81901
1 594 4.80499
1 919 4.82062
1 595 4.7919
1 938 4.8296
1 2398 4.72073
1 2918 4.22319
1 1035 4.82649
1 2791 4.83002
1 2687 4.08539
1 2018 4.80389
1 3105 4.81264
1 2797 4.68753
1 2321 4.79437
1 720 4.82924
1 1270 4.82895
1 527 4.56389
1 2340 4.65119
1 48 4.80128
1 1097 4.73971
1 1721 4.81812
1 1545 4.7777
1 745 4.67222
1 2294 4.37344
1 3186 4.8414
1 1566 1.71104
1 588 0.460411
1 1907 2.68429
1 783 4.867
1 1836 4.83124
1 1022 4.81903
1 2762 4.71857
1 150 4.81836
1 1 4.80695
1 1961 4.82722
1 1962 0.137484
1 2692 4.03592
1 260 4.79637
1 1028 4.57448
1 1029 4.8141
1 1207 4.82
1 2028 4.80795
1 531 4.80602
1 3114 4.83617
1 608 4.17393
1 1246 4.81283
2 1357 4.97819
2 3068 4.9685
2 1537 0.0196644
2 647 4.80653
2 2194 4.97309
2 648 4.97703
2 2268 4.97056
2 2628 4.97324
2 1103 0
2 2916 4.90588
2 3468 4.9696
2 1210 4.977
2 1792 4.97313
2 1687 4.97134
2 1213 4.97268
2 3578 4.73966
2 2881 4.97372
2 3030 4.9735
2 1217 4.97299
2 3105 4.97561
2 434 0.0270648
2 2126 4.97297
2 3107 4.97134
2 3108 4.97136
2 3035 4.97416
2 1253 4.97442
2 1610 4.90954
2 292 4.96967
2 2236 4.97055
2 3071 4.96703
2 902 4.97233
2 368 4.97142
2 1259 4.97371
2 3147 4.97833
2 1544 4.97213
2 1293 4.96953
2 1188 4.97951
2 3255 0.194334
2 3256 4.97524
2 3257 4.94141
2 110 4.97346
2 2278 4.97727
2 2490 4.97904
2 1834 4.97599
2 3471 4.97477
2 589 4.97399
2 1690 0.0196644
2 3654 0
2 2852 4.97448
2 1945 4.97217
2 982 4.97243
2 1873 4.98025
2 2858 4.97487
2 1225 4.97334
2 2028 4.9735
2 515 0.0877932
2 442 4.87676
2 2312 0.0292975
2 265 4.969
2 1408 4.93149
2 1084 4.97298
2 3699 0.0391327
2 480 4.97203
2 1442 4.96401
2 2067 4.97234
2 1265 4.97269
2 1370 4.97494
2 1193 4.97123
2 1801 0.106579
2 1372 4.97429
2 2353 4.9796
2 3334 4.97131
2 2427 4.97812
2 590 4.97137
2 1196 4.97321
2 1552 4.95744
2 736 4.97199
2 1198 4.97526
2 593 4.97383
2 2359 4.97382
2 95 4.975
2 2717 4.97473
2 2571 4.97399
2 1917 4.11916
2 2396 4.68676
2 3735 4.97019
2 1953 4.97721
2 1597 4.97087
2 3809 4.98133
2 1954 4.97361
2 1955 4.97291
2 235 4.97382
2 1124 4.98217
2 1957 4.97141
2 163 4.97335
2 21 4.97296
2 165 0.258693
2 2321 4.98324
2 1090 0.0389689
2 380 4.9748
2 2501 4.98239
2 349 4.97541
2 457 0.0417237
2 1096 4.9729
2 920 4.97529
2 459 4.64951
2 1527 4.97356
2 3418 4.93738
2 1385 4.97537
2 3451 4.97524
2 3095 4.97374
2 780 4.95896
2 498 4.98403
2 2728 4.9765
2 2002 4.97191
2 1962 0.0196644
2 1784 0
2 2943 4.97185
2 2006 4.98059
2 318 4.97243
2 1207 4.97326
2 1968 0.340839
2 3678 4.96824
2 1244 4.97425
2 356 4.9769
2 1245 4.97408
2 1246 4.97243
2 1247 4.97405
3 3421 4.97151
3 1641 4.98058
3 648 4.97465
3 1394 4.97651
3 3534 4.97753
3 104 4.97826
3 2735 4.97661
3 1210 4.97834
3 1431 4.97608
3 3868 4.97026
3 1079 4.97709
3 2997 4.98421
3 1615 4.97867
3 1291 4.97827
3 1259 4.97647
3 653 4.98936
3 2167 0.0157895
3 1580 0.0215219
3 3619 4.85514
3 260 4.97425
3 2858 4.97664
3 3114 4.97859
3 1049 4.99461
3 1261 4.97715
3 552 4.97733
3 480 4.97364
3 1265 4.97496
3 1266 4.97707
3 733 4.94218
3 1196 4.97662
3 590 4.97549
3 2355 4.97701
3 1197 4.97593
3 1198 4.9752
3 1378 4.9664
3 593 4.9765
3 1379 4.97632
3 3552 4.97961
3 1304 0.0159358
3 1270 4.97831
3 2470 4.87896
3 3168 4.9951
3 2617 4.69687
3 1961 4.97746
3 3671 4.97341
3 2006 4.97832
3 2871 4.98032
3 2115 4.97876
3 1968 0.514626
3 1136 4.97732
3 2081 0.0257147
4 3468 4.98081
4 1210 4.98326
4 2951 4.98329
4 1214 4.98447
4 1036 4.98376
4 260 4.9806
4 2028 4.98155
4 480 4.98159
4 1196 4.9823
4 1198 4.98146
4 1954 4.98279
4 1097 4.98399
4 3418 4.94341
4 3702 4.9803
4 2366 4.98008
4 1387 4.98507
4 3527 4.80366
4 1201 4.98231
4 2692 4.79843
4 2947 4.9814
4 1240 4.9812
5 2987 4.96272
5 2333 4.96736
5 1175 4.96442
5 39 4.96596
5 288 4.96397
5 2337 4.96888
5 1535 4.8593
5 1392 4.96882
5 2268 4.96395
5 1466 0.0556491
5 860 0.0872204
5 1683 0.0413304
5 866 4.96908
5 1684 4.96903
5 2916 4.88779
5 2770 0.0226499
5 215 4.96585
5 1759 4.90184
5 501 4.97487
5 3578 4.83617
5 506 4.96704
5 1250 4.9662
5 3793 4.96499
5 509 4.97354
5 41 4.9692
5 1610 4.88461
5 2058 4.96757
5 3799 4.96768
5 2997 4.97409
5 47 4.96684
5 2700 4.97524
5 296 4.96268
5 581 4.93782
5 1617 4.90756
5 728 4.96592
5 299 4.96504
5 3079 4.96403
5 2560 4.96403
5 1909 0.165648
5 150 4.96632
5 224 4.96825
5 3728 4.96145
5 229 4.96784
5 6 4.96723
5 3006 4.96684
5 2858 4.96934
5 1046 4.96494
5 515 0.115563
5 800 4.96499
5 50 4.96664
5 52 4.96893
5 1191 4.96886
5 1192 4.97046
5 733 4.891
5 3081 0.372956
5 377 4.96636
5 2353 4.97474
5 1268 4.96698
5 3083 0.0564103
5 2427 4.96752
5 3513 4.95108
5 2428 4.96676
5 2355 4.96921
5 2282 3.95229
5 3514 0.0226499
5 1554 4.97075
5 1912 0.078516
5 593 4.96834
5 2359 4.96738
5 2716 4.96649
5 1485 4.96456
5 2717 4.96039
5 2571 4.96797
5 2289 4.9672
5 162 4.96789
5 1127 0.0176221
5 3016 4.96747
5 2070 4.96794
5 1704 4.89304
5 3163 0.0226499
5 2437 4.96997
5 2291 4.96671
5 1635 4.966
5 1279 4.96953
5 2721 4.97535
5 2723 4.96588
5 1921 0.0342616
5 2725 4.98245
5 1923 4.97076
5 2580 4.96966
5 3386 4.94835
5 3744 4.96614
5 968 0.0226499
5 896 4.97029
5 3020 4.96947
5 1788 4.96546
5 318 4.96662
5 176 4.98126
5 461 4.97385
5 608 4.92566
5 1429 4.94216
5 2159 4.96626
5 1715 4.96057
5 1643 4.96483
5 3249 4.96627
5 3176 4.96498
5 1719 0.0226499
5 2806 4.97132
5 2734 4.96982
5 1649 4.96464
5 321 4.96669
5 2013 4.96594
5 3100 4.96876
5 2952 4.97003
5 1213 4.96739
5 1794 0.0458632
5 2599 4.72784
5 1500 4.96616
5 3105 4.96382
5 2959 0.0241113
5 1509 4.96735
5 1721 4.96665
5 1722 4.97226
5 1650 4.9712
5 908 4.96583
5 1580 0.0372574
5 1653 4.96625
5 2384 0.045611
5 1729 4.21359
5 3476 4.97084
5 2890 0.0226499
5 3113 4.96891
5 2028 4.96655
5 16 4.96979
5 265 4.96144
5 2029 4.96976
5 194 4.96712
5 551 4.96651
5 1513 4.97021
5 3046 4.96438
5 2318 0.0232398
5 1517 4.97338
5 1089 4.96788
5 3260 4.96767
5 913 4.96695
5 1730 4.9673
5 3408 4.96819
5 3409 4.96659
5 2607 4.97035
5 1449 4.96941
5 1732 4.97038
5 1733 4.9696
5 2390 4.74978
5 1734 2.82032
5 3266 4.96794
5 3267 4.68988
5 919 4.96784
5 3624 0.624397
5 2395 4.96909
5 1594 4.9679
5 2683 4.97574
5 412 0.346745
5 2759 4.95269
5 994 4.96471
5 1884 4.96775
5 1885 4.96727
5 272 0.177987
5 24 4.9627
5 3051 0.21711
5 348 4.96549
5 2323 4.9673
5 1093 0.0226499
5 29 4.96878
5 562 4.96533
5 1095 0.0226499
5 1527 4.96577
5 1529 0.0226499
5 3418 4.8365
5 2188 3.76027
5 497 4.96545
5 202 4.96886
5 1747 4.96825
5 2908 4.96255
5 2762 4.96574
5 2692 4.87749
5 1966 4.97394
5 3499 4.96067
5 353 4.96481
5 32 4.96737
5 1243 4.96766
5 1897 4.96685
5 1171 4.97007
5 3786 4.96139
5 34 4.96518
5 356 4.96703
5 357 4.72546
5 36 4.96579
5 714 4.97011
6 2406 4.96906
6 1101 4.96646
6 3717 4.9644
6 1030 4.9602
6 1688 0.0257229
6 1035 4.96765
6 3578 4.88574
6 364 4.96151
6 3501 4.89824
6 3072 4.87363
6 368 4.9632
6 296 4.9597
6 48 4.95502
6 3074 4.96479
6 1188 4.9739
6 3508 4.96661
6 588 0.217249
6 1 4.96048
6 1043 4.95073
6 2858 4.96716
6 377 4.96227
6 590 4.96233
6 595 4.95183
6 597 4.95069
6 383 4.80168
6 2506 4.9545
6 3524 4.83264
6 1566 1.51105
6 1569 4.96263
6 2006 4.9296
6 2081 0.136654
6 2082 4.96483
6 3600 4.96192
6 3604 4.96497
6 2802 4.96059
6 3534 4.96684
6 3536 4.95581
6 1210 4.97271
6 3753 4.96846
6 3682 0.0257229
6 2017 4.959
6 3685 4.95744
6 3610 4.96235
6 1296 0.0482673
6 838 4.96281
6 1007 4.96179
6 1947 4.96246
6 2966 4.9636
6 266 4.93245
6 17 4.95967
6 3699 0.0749163
6 1441 0.0257229
6 1088 4.96765
6 912 4.96594
6 199 1.07484
6 914 4.92529
6 3408 4.96892
6 1806 4.9653
6 3624 0.152671
6 2469 0.0413965
6 2396 4.85965
6 2100 4.95943
6 1959 4.48612
6 2321 4.9816
6 1380 0.0257229
6 920 4.96679
6 569 4.94153
6 1674 4.96349
6 3565 4.96527
6 1028 4.88119
6 34 4.96054
7 648 5
7 861 0
7 2916 5
7 3578 5
7 3793 5
7 1610 4.99054
7 589 5
7 6 5
7 442 5
7 733 5
7 377 5
7 2353 5
7 1196 5
7 2571 5
7 380 5
7 1997 5
7 1270 5
7 457 0
7 1573 5
7 3753 5
7 3107 5
7 474 5
7 1722 5
7 3256 5
7 1580 0.00304407
7 110 5
7 1221 5
7 2028 5
7 480 5
7 349 5
7 3418 4.99588
8 39 4.97838
8 2336 0.175651
8 288 4.97759
8 3425 0.00608278
8 2268 4.97658
8 1466 0.19398
8 1393 4.96897
8 1682 4.97876
8 2916 4.86776
8 506 4.97876
8 508 4.98171
8 3213 4.97783
8 42 4.97595
8 650 4.68854
8 3500 4.97796
8 296 4.95324
8 3147 4.90622
8 3148 4.81632
8 2702 4.97824
8 2278 4.98167
8 1476 4.97549
8 2490 4.97956
8 589 4.9803
8 1836 4.98038
8 1693 4.97754
8 150 4.97896
8 151 4.98091
8 1 4.97858
8 510 4.98921
8 4 4.97245
8 3006 4.97717
8 2858 4.98143
8 1621 2.82315
8 1265 4.97974
8 733 4.89347
8 377 4.97975
8 3155 4.93781
8 2427 4.97816
8 58 4.97802
8 2712 4.95181
8 2429 4.97955
8 1840 4.99468
8 2571 4.977
8 1916 0.0248452
8 1488 4.85173
8 230 4.97913
8 1120 4.98227
8 161 4.98142
8 163 4.97886
8 1411 4.99459
8 524 4.97771
8 1059 4.98005
8 527 4.8589
8 454 4.97859
8 1701 4.9811
8 1274 4.97969
8 741 4.9803
8 1704 4.90873
8 1277 4.97867
8 2291 4.97918
8 1639 4.97818
8 3528 4.92324
8 2297 4.93829
8 3386 4.96759
8 2006 4.95521
8 608 4.95513
8 465 4.97877
8 1711 0.0142314
8 538 4.97922
8 393 4.96825
8 2442 4.9791
8 1357 4.98098
8 73 4.97796
8 3246 4.77417
8 3173 4.98354
8 1573 4.98029
8 105 4.96103
8 1210 4.9809
8 1213 4.98062
8 253 0.100001
8 3105 4.9786
8 3107 4.9777
8 3250 4.96637
8 3252 4.98159
8 1721 4.97895
8 476 4.9748
8 3256 4.97069
8 908 4.97943
8 3257 4.97506
8 1653 4.97702
8 1580 0.0663207
8 110 4.97863
8 111 4.97988
8 3259 4.98031
8 3186 4.98146
8 1589 4.97948
8 2023 4.98131
8 14 4.97838
8 2028 4.97924
8 337 4.97611
8 265 4.97521
8 16 4.97993
8 266 4.98164
8 17 4.97705
8 2314 0.0187483
8 2600 4.96409
8 480 4.97666
8 269 4.97842
8 555 4.97578
8 1801 0.129763
8 3260 4.98024
8 1730 4.97887
8 1660 0.0192733
8 3265 4.98295
8 1735 4.98116
8 3267 4.7593
8 3481 4.97966
8 2396 4.55669
8 2686 0.0404739
8 2688 4.97204
8 345 4.98175
8 2320 4.97686
8 24 4.97453
8 25 4.97838
8 2324 1.20029
8 349 4.97828
8 562 4.97407
8 2329 4.98163
8 1810 0.143488
8 2541 4.97782
8 3418 4.80658
8 1673 4.97472
8 2908 4.97462
8 1678 4.96965
8 2692 4.89113
8 1027 4.99374
8 2699 4.90162
8 282 0.0142314
8 36 4.97812
9 2268 4.93571
9 1466 0.0868562
9 1393 4.91701
9 861 0.0417806
9 1682 4.93998
9 3717 4.93957
9 508 4.95182
9 3793 4.93387
9 720 4.94392
9 367 4.93545
9 47 4.94104
9 3147 4.89127
9 3148 4.69612
9 1617 4.85822
9 2278 4.9482
9 223 4.94126
9 150 4.94062
9 3298 4.94313
9 1 4.93773
9 3006 4.94355
9 2858 4.94038
9 50 4.93975
9 1265 4.93889
9 805 4.95876
9 3510 4.93572
9 377 4.93987
9 1552 4.87973
9 590 4.93755
9 3513 4.8847
9 2355 4.9479
9 1912 0.130744
9 593 4.94239
9 2571 4.93679
9 597 4.90124
9 300 4.93975
9 1777 4.9449
9 162 4.94401
9 524 4.93751
9 3301 0.0417806
9 1343 4.94115
9 527 4.87115
9 3160 0.0698674
9 529 4.93806
9 457 0.101304
9 1704 4.84106
9 745 4.90813
9 3452 4.73722
9 2294 4.89683
9 1921 0.0648736
9 1639 4.93832
9 1923 4.93057
9 1784 0.0104712
9 1060 0.0417806
9 318 4.92714
9 608 4.85256
9 1356 4.94115
9 1358 4.95097
9 3178 4.94404
9 3751 0.0732945
9 1210 4.94545
9 3826 0.756583
9 1213 4.94187
9 3755 0.42503
9 2599 4.79205
9 2302 4.94726
9 1500 4.93822
9 2959 0.0514958
9 1148 4.84968
9 2166 0.140077
9 1721 4.93949
9 3253 0.0104712
9 3255 0.485834
9 1653 4.93971
9 838 4.93797
9 1584 4.69099
9 1221 4.93968
9 1223 4.94015
9 2890 0.0417806
9 2028 4.93969
9 3114 4.94313
9 16 4.94593
9 480 4.93662
9 1089 4.94155
9 912 4.942
9 1446 4.92702
9 3408 4.94028
9 3623 1.05113
9 778 4.94963
9 1669 4.94256
9 3484 4.94242
9 412 0.50509
9 994 4.94539
9 1233 4.93993
9 1307 0.0312099
9 25 4.9418
9 2324 3.13844
9 349 4.95066
9 920 4.94281
9 3270 4.94607
9 2762 4.92424
9 1961 4.94302
9 2692 4.75576
9 1310 4.72328
9 428 4.9443
10 2622 4.86548
10 648 4.86972
10 2628 4.86206
10 3358 4.87838
10 3359 4.88786
10 1682 4.87727
10 1756 4.8712
10 1320 4.87843
10 2124 4.81233
10 2125 4.86947
10 1250 4.86566
10 2054 2.79953
10 1252 4.87356
10 1253 4.87795
10 720 4.88042
10 3868 4.87349
10 1254 4.88938
10 3869 0.283266
10 1256 4.87621
10 3500 4.74726
10 1257 4.87214
10 3501 4.7541
10 2997 4.89524
10 1259 4.87264
10 653 4.84925
10 1831 4.53752
10 3363 4.56654
10 586 4.86561
10 587 4.86995
10 3438 4.89247
10 588 0.360891
10 3439 4.8741
10 589 4.87256
10 1690 0.0942973
10 3296 4.86786
10 223 4.87721
10 150 4.87272
10 2496 0.0942973
10 1 4.86453
10 2497 4.8673
10 2 4.86222
10 2498 4.74224
10 153 4.87948
10 7 4.85964
10 2133 4.82612
10 2135 4.86919
10 2136 4.88052
10 2137 4.86359
10 1408 4.78757
10 802 4.66789
10 2138 4.87382
10 1409 4.86575
10 2067 4.85815
10 1265 4.86892
10 1339 4.66058
10 1269 4.87408
10 1196 4.87343
10 590 4.86714
10 1197 4.87146
10 1198 4.87439
10 2640 4.8696
10 592 4.863
10 594 4.86385
10 2716 4.88138
10 595 4.84138
10 2717 4.83418
10 2571 4.88271
10 596 4.87696
10 3447 4.86222
10 597 4.80426
10 1918 0.278136
10 2140 4.86929
10 1411 4.98394
10 2072 4.86871
10 1270 4.88013
10 1271 4.86804
10 1345 4.86651
10 2077 4.86528
10 2078 4.87375
10 1276 4.87982
10 743 0.0942973
10 671 0.0942973
10 1278 4.87664
10 745 4.77605
10 3451 4.88555
10 3525 0.143251
10 1921 0.151502
10 1923 4.81828
10 1927 0.553124
10 3386 4.84754
10 2657 4.87612
10 3388 4.86636
10 1784 0.0696517
10 316 4.86733
10 317 4.87944
10 318 4.85296
10 248 4.73157
10 2080 4.88267
10 2081 0.311863
10 2082 4.87401
10 1282 4.87341
10 1356 4.86905
10 1283 4.87415
10 750 4.87164
10 1357 4.88078
10 2087 4.88003
10 1286 4.87411
10 1287 4.87764
10 2804 4.87229
10 3608 4.89261
10 2662 4.87784
10 3466 4.85114
10 3100 4.88389
10 2300 0.111326
10 253 0.166309
10 180 0.100396
10 2599 4.6184
10 2302 4.88669
10 329 4.84359
10 3034 4.87422
10 3108 4.86674
10 3035 4.88062
10 186 4.88146
10 2161 0.0942973
10 3037 4.86716
10 2090 4.32698
10 3039 4.87212
10 2091 4.88576
10 902 4.86804
10 830 4.58967
10 2093 4.86985
10 1291 4.8665
10 904 4.8722
10 2094 4.55848
10 1292 0.15053
10 1293 4.8729
10 2096 0.245897
10 1294 0.211876
10 765 4.86473
10 3471 4.84435
10 2746 4.36334
10 1009 4.86332
10 1947 4.86397
10 1948 4.86815
10 333 4.31796
10 260 4.8605
10 3114 4.88171
10 2312 0.120692
10 339 4.87166
10 1513 4.82489
10 2316 4.87408
10 1441 0.0942973
10 1517 4.91114
10 1371 4.88879
10 2174 3.82732
10 1372 4.87609
10 912 4.87485
10 913 4.87491
10 1374 4.87536
10 914 4.82537
10 1375 4.87277
10 915 4.87401
10 1376 4.86949
10 1377 4.87201
10 916 4.8695
10 918 4.86369
10 919 4.87252
10 1012 4.86961
10 3481 4.86253
10 2826 4.53733
10 3629 4.88302
10 1015 4.8822
10 1016 4.86378
10 1954 4.88742
10 1019 4.86603
10 1884 4.87658
10 3489 4.88971
10 1959 3.78953
10 344 4.82713
10 24 4.86979
10 2321 4.85789
10 275 4.85837
10 2324 2.58027
10 2252 4.88624
10 277 4.85289
10 1380 0.0942973
10 920 4.87461
10 923 4.86618
10 924 4.87548
10 3701 4.86764
10 3702 4.87004
10 780 4.7194
10 3703 4.86723
10 1387 4.87815
10 926 4.86368
10 3704 0.342087
10 1020 4.86675
10 784 4.56121
10 858 4.97895
10 1022 4.87235
10 2762 4.85252
10 1023 4.86289
10 1961 4.88036
10 1025 4.90138
10 2693 4.86522
10 1028 4.70126
10 1967 4.88539
10 351 4.89243
10 32 4.87334
10 282 0.0942973
10 356 4.81494
10 357 4.11809
10 2405 0.293775
10 2407 4.88332
10 2336 0.536355
10 3066 4.87504
10 2193 4.87212
10 932 4.87305
10 1394 4.86949
10 938 4.87745
10 1101 4.8767
10 1030 4.86601
10 2770 0.0942973
10 1031 4.90702
10 1104 4.86829
10 1032 4.89318
10 2918 4.55924
10 1035 4.88542
10 435 4.89451
10 364 4.87017
10 292 4.84782
10 367 4.86265
10 3072 4.72783
10 368 4.88651
10 48 4.86945
10 1544 4.87039
10 1617 4.17864
10 943 4.87729
10 3723 4.85752
10 1042 0.633411
10 2858 4.87531
10 370 4.87902
10 2423 4.88266
10 3153 4.83579
10 2424 4.82045
10 3155 4.82748
10 2355 4.88083
10 3086 4.82283
10 3087 4.85954
10 953 4.84687
10 954 4.87501
10 3809 4.64801
10 3591 4.81898
10 2863 4.72697
10 1124 4.92189
10 3593 2.19715
10 2791 4.87561
10 1125 0.0942973
10 520 4.87656
10 3668 4.87944
10 1127 0.0840142
10 2795 4.87244
10 1129 4.85201
10 2797 4.76745
10 1059 4.87032
10 2501 4.86895
10 527 4.703
10 2431 4.86235
10 62 4.87112
10 1704 4.66211
10 3309 4.80022
10 1633 4.8725
10 2436 4.86889
10 2291 4.86882
10 3095 4.87144
10 2294 4.59875
10 3097 4.6018
10 1566 1.71381
10 1639 4.86925
10 3099 4.88701
10 3812 4.95876
10 2000 4.88111
10 963 4.83075
10 2001 4.873
10 1200 4.87669
10 2002 4.87011
10 1201 4.8779
10 2003 4.87344
10 3671 4.861
10 1203 4.87284
10 2005 4.86177
10 1204 4.87152
10 2006 4.85642
10 969 3.11719
10 2872 4.86409
10 3675 4.85675
10 2946 4.91094
10 898 4.87798
10 2009 4.87155
10 2874 4.87001
10 899 4.8696
10 1135 4.87385
10 2948 4.88511
10 1136 4.88659
10 539 4.83262
10 2371 4.8807
10 3247 0.123853
10 3174 4.87525
10 3175 4.78954
10 2375 4.87334
10 1573 4.8743
10 104 4.8694
10 2378 2.0349
10 971 4.87634
10 2011 4.8752
10 3751 0.233881
10 1210 4.88692
10 2012 4.86507
10 2015 4.87006
10 1214 4.88908
10 1215 4.87293
10 2018 4.86376
10 1073 4.85826
10 3688 4.86546
10 2959 0.169382
10 541 4.71571
10 542 4.97884
10 1148 4.60414
10 543 0.0951895
10 1079 4.86986
10 3252 4.88906
10 1721 4.87237
10 3254 4.45124
10 3255 0.584627
10 2453 4.74545
10 110 4.87543
10 1580 0.319383
10 1653 4.88699
10 2529 4.71591
10 1654 4.89148
10 3259 4.87477
10 1583 4.87192
10 1584 4.25847
10 3189 4.89237
10 116 4.85812
10 1586 0.0942973
10 2021 4.86942
10 1220 4.87317
10 1221 4.87019
10 1223 4.87075
10 1225 4.87119
10 1080 4.88233
10 2967 4.8748
10 2968 4.89477
10 551 4.71872
10 1084 4.87122
10 3699 0.216479
10 480 4.86458
10 1088 4.88164
10 2530 4.87522
10 3408 4.8794
10 3264 0.0942973
10 3194 4.86479
10 2393 0.286397
10 3198 4.86629
10 2396 4.46189
10 2398 4.79126
10 2100 4.86863
10 2399 4.87953
10 1302 4.87837
10 1230 4.86899
10 2105 4.86766
10 1304 0.108343
10 2033 4.84075
10 1233 4.87276
10 2108 4.88043
10 1234 4.8749
10 1307 0.106085
10 2109 4.87128
10 1091 0.0942973
10 1097 4.8074
10 2470 4.73015
10 2617 3.98033
10 3347 4.83546
10 203 4.90804
10 1676 4.8392
10 208 1.04377
10 2111 4.87839
10 2040 4.87187
10 2041 4.88188
10 2115 4.88545
10 1240 4.86417
10 2043 4.87745
10 1243 4.8737
10 2045 0.338413
10 2046 4.87924
10 2047 4.87529
10 1247 4.8753
10 2049 4.88574
11 1753 4.92154
11 1682 4.95412
11 216 4.88111
11 2997 4.96354
11 1259 4.95082
11 1188 4.95422
11 2706 4.95013
11 586 4.94738
11 587 4.95014
11 2639 4.94539
11 2136 4.95602
11 1265 4.94793
11 2710 0.0886487
11 663 4.95335
11 590 4.94819
11 1197 4.94999
11 2712 4.96488
11 1198 4.95041
11 593 4.95255
11 1916 0.0824177
11 597 4.93941
11 3448 4.9434
11 231 4.94771
11 1777 4.953
11 2076 4.95064
11 1278 4.95109
11 1923 4.94473
11 2580 4.95463
11 1784 0.0473684
11 318 4.94357
11 246 4.95865
11 249 4.95043
11 1358 4.95181
11 1288 4.948
11 2804 4.95124
11 3608 4.95736
11 2806 4.95298
11 3396 0.295953
11 3101 4.95189
11 2598 4.94115
11 2302 4.95353
11 3105 4.94724
11 3107 4.94596
11 2306 4.95487
11 764 0.0347898
11 2746 4.82921
11 333 4.76269
11 1441 0.0347898
11 2174 4.48287
11 3552 4.94972
11 778 4.95719
11 2683 4.92833
11 342 4.94873
11 1887 4.95239
11 345 4.9505
11 272 0.168333
11 2321 4.96162
11 2325 4.9507
11 3129 4.9563
11 2329 4.95571
11 784 4.86381
11 2907 4.9471
11 2762 4.93773
11 788 0.0347898
11 2766 4.95677
11 3499 4.94583
11 356 4.94338
11 357 4.53682
11 36 4.94944
11 2335 4.95671
11 1461 0.0464006
11 1394 4.94853
11 2918 4.83528
11 435 4.94494
11 47 4.95111
11 3146 4.94771
11 3148 4.79979
11 1546 4.95639
11 1042 0.12344
11 2858 4.95106
11 440 4.94458
11 441 0.119257
11 515 0.0961923
11 50 4.94955
11 2355 4.9512
11 2282 4.27975
11 2359 4.95158
11 3809 4.93449
11 2791 4.94999
11 2795 4.95121
11 1059 4.95032
11 454 4.94884
11 1701 4.94944
11 3160 0.0299843
11 2431 4.94935
11 1704 4.85493
11 2507 4.95032
11 1563 4.95349
11 1498 4.93443
11 1136 4.96316
11 531 4.94733
11 608 4.91202
11 3174 4.95035
11 3249 4.94927
11 3176 4.94825
11 1573 4.9519
11 3178 4.95137
11 104 4.95169
11 1213 4.95112
11 3755 0.156205
11 2883 4.9504
11 2959 0.0432959
11 543 0.0487413
11 3255 0.35464
11 3182 4.94654
11 85 4.95452
11 110 4.94978
11 88 4.95325
11 986 4.95641
11 1080 4.9527
11 551 4.93898
11 480 4.94664
11 481 4.55765
11 1089 4.95196
11 1732 4.95186
11 2539 4.94644
11 1665 4.95113
11 2396 4.74735
11 994 4.96291
11 2106 4.94924
11 2109 4.95407
11 1307 0.0405343
11 708 4.90775
11 3418 4.84606
11 1673 4.94584
11 1747 4.95133
11 1244 4.9538
12 1252 4.99412
12 3362 4.9953
12 1193 4.99375
12 1198 4.99433
12 593 4.99376
12 813 4.99529
12 2804 4.9941
12 919 4.99387
12 923 4.99375
12 858 5
12 934 4.99359
12 3658 4.99368
12 1641 4.99504
12 111 4.99455
12 1221 4.99403
12 3265 4.99054
12 1303 0.00332236
12 1233 4.99395
12 999 4.99148
12 2616 0.00416047
12 3785 4.99435
12 1247 4.99428
13 2987 4.96701
13 648 4.96892
13 2628 4.96878
13 2054 4.53517
13 1259 4.97112
13 589 4.97049
13 1690 0.0201604
13 2 4.96784
13 153 4.9724
13 1331 4.97797
13 2135 4.97187
13 1262 4.97039
13 1196 4.9711
13 590 4.96973
13 1197 4.9704
13 736 4.97069
13 1198 4.96987
13 2640 4.97141
13 592 4.96944
13 2641 4.96898
13 593 4.97075
13 2571 4.97544
13 165 0.143262
13 316 4.97002
13 318 4.96929
13 1429 4.90916
13 1356 4.9698
13 1287 4.96921
13 329 4.93264
13 3036 4.97086
13 2161 0.0201604
13 1291 4.97395
13 2094 4.84924
13 1009 4.9723
13 3479 4.97122
13 10 4.97056
13 260 4.96799
13 1370 4.97351
13 1372 4.97249
13 1446 4.95838
13 1374 4.97133
13 1375 4.97216
13 1376 4.97046
13 1377 4.97085
13 919 4.97092
13 2822 4.97208
13 2686 0.0419622
13 21 4.97143
13 349 4.97378
13 1527 4.96869
13 780 4.90071
13 3494 4.98209
13 421 4.983
13 1967 4.97148
13 1393 4.97313
13 2916 4.98007
13 434 0.0294479
13 1610 4.9216
13 3070 4.96722
13 2414 4.96926
13 368 4.97456
13 296 4.96816
13 1544 4.97009
13 1479 4.96929
13 1049 4.99464
13 517 4.97388
13 50 4.97064
13 952 4.96945
13 1127 0.030932
13 1129 4.97175
13 380 4.9712
13 527 4.93341
13 60 4.96771
13 457 0.0350649
13 459 4.86881
13 2002 4.96841
13 2005 4.96634
13 3745 4.9714
13 2006 4.97268
13 1204 4.97046
13 2871 4.97433
13 2370 5
13 3175 4.97116
13 1210 4.97314
13 1216 4.97118
13 1073 4.96721
13 1722 4.97115
13 3256 4.96422
13 2528 4.97078
13 1580 0.0318313
13 110 4.97102
13 1587 4.97573
13 2028 4.96946
13 2968 4.97244
13 3699 0.0347978
13 552 4.97217
13 480 4.96931
13 3269 4.95803
13 2105 4.96724
13 1233 4.97086
13 1097 4.97539
13 3417 5
13 3418 4.97334
13 2616 0.0201604
13 2470 4.94256
13 2617 4.84786
13 2115 4.97373
13 2046 4.97161
14 3354 4.98209
14 2997 4.98404
14 1263 4.98281
14 2572 4.98332
14 2731 0.0158751
14 3033 4.97952
14 2243 4.98207
14 3623 0.111655
14 2826 4.97798
14 2686 0.0262613
14 2762 4.98368
14 2692 4.90941
14 2694 4.98043
14 1968 0.468475
14 3578 4.9694
14 296 4.98023
14 2920 4.98271
14 1982 4.9357
14 2858 4.98264
14 3081 0.0711148
14 608 4.97666
14 2959 0.00830007
14 1225 4.98177
14 2396 4.91559
14 2976 4.98166
15 3421 4.96925
15 648 4.9719
15 3354 4.97469
15 2485 4.97531
15 141 0.0105263
15 2126 4.97255
15 2058 4.97006
15 3798 4.92426
15 2997 4.97906
15 653 4.99462
15 2702 4.96828
15 2706 4.96904
15 2707 4.94214
15 587 4.9714
15 2490 4.96702
15 1909 0.178547
15 2567 4.93943
15 3298 4.9727
15 2496 0.019266
15 3004 4.9696
15 3005 4.97812
15 6 4.97198
15 1265 4.97182
15 805 4.98421
15 1193 4.96976
15 733 4.97349
15 3510 4.96917
15 1196 4.97245
15 2712 4.97432
15 1198 4.97227
15 2640 4.97481
15 593 4.97348
15 1840 4.98947
15 2571 4.97543
15 300 4.97256
15 2719 4.97947
15 231 4.97026
15 160 4.97119
15 1777 4.97421
15 161 4.97484
15 1411 4.98929
15 1343 4.96716
15 1271 4.97084
15 748 4.97866
15 2724 4.96988
15 1923 4.97363
15 2581 4.97986
15 3386 4.94607
15 1783 4.98367
15 1784 0.0105263
15 318 4.96715
15 1422 4.96955
15 3534 4.95005
15 3461 4.97704
15 3535 4.75865
15 2598 4.97749
15 2302 4.97392
15 1500 4.97127
15 3105 4.96861
15 257 4.98083
15 3108 4.96923
15 2161 0.019266
15 1291 4.9734
15 832 4.96434
15 762 4.97074
15 2676 4.97128
15 260 4.96877
15 3113 4.97333
15 266 4.96842
15 1370 4.97063
15 3623 0.546519
15 3624 0.389222
15 2826 4.89045
15 2683 4.97673
15 1883 4.97338
15 3489 4.97338
15 1885 4.97345
15 2688 4.9556
15 344 4.96758
15 2321 4.97439
15 1527 4.96917
15 2188 4.01379
15 780 4.90386
15 2908 4.96948
15 2762 4.98238
15 2763 4.92559
