1 1193 4.17245
1 661 4.21064
1 914 3.76022
1 3408 3.94749
1 2355 4.18489
1 1197 4.19239
1 1287 3.7746
1 2804 4.22985
1 594 4.2725
1 919 4.14473
1 595 4.09725
1 938 4.2248
1 2398 4.08095
1 2918 3.82183
1 1035 3.86963
1 2791 4.16566
1 2687 3.86146
1 2018 4.22813
1 3105 3.83467
1 2797 4.03768
1 2321 3.79987
1 720 4.09092
1 1270 4.15983
1 527 4.28487
1 2340 3.87145
1 48 3.94103
1 1097 3.76245
1 1721 3.96755
1 1545 3.76609
1 745 3.7916
1 2294 3.72067
1 3186 3.80014
1 1566 3.78975
1 588 3.66375
1 1907 3.85486
1 783 4.21053
1 1836 3.80499
1 1022 3.92041
1 2762 3.94719
1 150 4.13905
1 1 4.24096
1 1961 4.14935
1 2692 3.88699
1 260 4.17349
1 1028 3.90769
1 1029 4.05482
1 1207 4.12494
1 2028 4.28521
1 531 4.10987
1 3114 3.95727
1 608 3.8162
1 1246 4.16063
2 1357 1.52053
2 3068 1.99853
2 647 1.66882
2 2194 1.71761
2 648 1.74077
2 2268 4.35008
2 2628 2.95218
2 1103 1
2 2916 2.54636
2 3468 4.20973
2 1210 3.8388
2 1792 2.79182
2 1687 1.92562
2 1213 4.45024
2 3578 1.63861
2 2881 4.42706
2 3030 4.4428
2 1217 4.46175
2 3105 1.65327
2 434 1.69577
2 2126 4.3685
2 3107 4.02136
2 3108 3.38893
2 3035 1.73088
2 1253 4.47826
2 1610 1.55953
2 292 2.80628
2 2236 4.11759
2 3071 1.91565
2 902 4.39197
2 368 1.92648
2 1259 4.4645
2 3147 2.73167
2 1544 4.2236
2 1293 1.2999
2 1188 1.77759
2 3255 1
2 3256 1.59888
2 3257 1.73507
2 110 4.60372
2 2278 1.72956
2 2490 1.54924
2 1834 1.6443
2 3471 4.28487
2 589 3.50638
2 3654 1
2 2852 3.8556
2 1945 2.5652
2 982 2.1091
2 1873 3.7712
2 2858 1.43854
2 1225 4.4591
2 2028 4.43138
2 515 1.60731
2 442 1.75209
2 2312 1.70859
2 265 1.62098
2 1408 1.54179
2 1084 4.35976
2 3699 1.58015
2 480 4.20227
2 1442 1.57461
2 2067 1.50912
2 1265 4.37894
2 1370 1.63976
2 1193 4.39119
2 1801 1.62969
2 1372 4.53298
2 2353 1.5684
2 3334 1.79149
2 2427 3.85651
2 590 4.48205
2 1196 4.53095
2 1552 1.40983
2 736 4.38052
2 1198 4.54361
2 593 4.40263
2 2359 1.69204
2 95 3.27706
2 2717 1.80258
2 2571 1.6114
2 1917 1.71169
2 2396 1.87945
2 3735 3.392
2 1953 1.89195
2 1597 2.03099
2 3809 1.82984
2 1954 3.20808
2 1955 2.24409
2 235 1.64365
2 1124 4.4
2 1957 2.21673
2 163 3.66234
2 21 4.10341
2 165 1.82135
2 2321 1.57743
2 1090 1.73252
2 380 1.55754
2 2501 3.71999
2 349 1.72584
2 457 1.70162
2 1096 4.46044
2 920 4.18114
2 459 1.66261
2 1527 1.87096
2 3418 2.06872
2 1385 3.28482
2 3451 2.15085
2 3095 2.39703
2 780 3.18595
2 498 2.41651
2 2728 1.52746
2 2002 4.3671
2 1784 1
2 2943 3.59723
2 2006 2.27875
2 318 2.23604
2 1207 4.36974
2 1968 1.64069
2 3678 4.45158
2 1244 4.50222
2 356 1.96069
2 1245 3.93704
2 1246 4.45269
2 1247 4.47602
3 3421 1.8457
3 1641 1.84525
3 648 1.92521
3 1394 1.66565
3 3534 1.51343
3 104 1.86677
3 2735 1.89368
3 1210 3.39151
3 1431 1.82002
3 3868 1.72618
3 1079 3.35023
3 2997 3.6
3 1615 4.36526
3 1291 3.68899
3 1259 4.19148
3 653 3.66667
3 2167 1.6
3 1580 1.39295
3 3619 2.17339
3 260 4.12029
3 2858 1.57746
3 3114 3.43003
3 1049 2
3 1261 4.35058
3 552 4.32473
3 480 4.19352
3 1265 4.05766
3 1266 4.16825
3 733 1.68305
3 1196 4.24206
3 590 4.23794
3 2355 4.66644
3 1197 4.23669
3 1198 4.07727
3 1378 1.73933
3 593 4.39796
3 1379 1.8163
3 3552 1.9683
3 1304 1.58511
3 1270 4.33993
3 2470 2.02102
3 3168 1.10559
3 2617 1.81319
3 1961 4.48305
3 3671 4.28648
3 2006 1.80104
3 2871 2.53524
3 2115 4.29214
3 1968 1.68583
3 1136 1.99445
3 2081 1.6264
4 3468 4.22838
4 1210 4.24387
4 2951 4.17224
4 1214 1.99972
4 1036 1.88509
4 260 4.11239
4 2028 4.15959
4 480 4.29079
4 1196 4.30905
4 1198 4.22562
4 1954 2.85296
4 1097 2.60118
4 3418 1.75122
4 3702 2.77023
4 2366 4.53683
4 1387 1.77971
4 3527 2.27556
4 1201 4.28827
4 2692 1.95509
4 2947 2.25654
4 1240 4.28625
5 2987 2.35489
5 2333 4.28156
5 1175 1.63681
5 39 4.19968
5 288 3.66661
5 2337 1.67357
5 1535 2.50692
5 1392 4.29286
5 2268 4.3666
5 1466 1.60136
5 860 1.71433
5 1683 1.55154
5 866 1.91643
5 1684 3.75162
5 2916 2.1253
5 215 1.58218
5 1759 2.21991
5 501 1.53117
5 3578 1.64628
5 506 3.43874
5 1250 4.35037
5 3793 1.84614
5 509 1.61722
5 41 4.22877
5 1610 1.65582
5 2058 1.56391
5 3799 4.17031
5 2997 3.625
5 47 4.39647
5 2700 2.21233
5 296 4.30194
5 581 3.88889
5 1617 1.80505
5 728 2.01905
5 299 2.25616
5 3079 4.45044
5 2560 2.89304
5 1909 1.62279
5 150 4.36101
5 224 2
5 3728 1.62413
5 229 2.23609
5 6 4.3916
5 3006 3.81595
5 2858 1.44364
5 1046 2.61804
5 515 1.60984
5 800 1.5816
5 50 4.33261
5 52 4.44585
5 1191 4.20995
5 1192 3.75403
5 733 1.60554
5 3081 1.6911
5 377 4.28738
5 2353 1.60508
5 1268 4.42205
5 3083 2
5 2427 3.73345
5 3513 2.8756
5 2428 1.84729
5 2355 4.03257
5 2282 1.5607
5 1554 3.91239
5 1912 1.54478
5 593 4.48903
5 2359 1.81352
5 2716 3.43588
5 1485 2.40882
5 2717 2.28208
5 2571 1.54214
5 2289 4.2463
5 162 3.25086
5 1127 1.59998
5 3016 2.72374
5 2070 4.27235
5 1704 1.72405
5 2437 1.63019
5 2291 4.27886
5 1635 4.41685
5 1279 3.90128
5 2721 1.60438
5 2723 4.32107
5 1921 1.58569
5 2725 1.60519
5 1923 1.57035
5 2580 4.22035
5 3386 1.50422
5 3744 2.16375
5 896 4.04281
5 3020 4.32225
5 1788 1.90114
5 318 2.62829
5 176 1.60604
5 461 1.5879
5 608 1.61445
5 1429 1.51441
5 2159 2.26906
5 1715 2.35013
5 1643 2.9687
5 3249 4.35016
5 3176 4.42135
5 2806 2.19183
5 2734 1.82882
5 1649 4.08574
5 321 4.54353
5 2013 4.44191
5 3100 3.50512
5 2952 3.7106
5 1213 4.4452
5 1794 1.59545
5 2599 1.582
5 1500 4.39315
5 3105 1.62888
5 2959 2.54589
5 1509 2.82126
5 1721 3.80171
5 1722 1.62493
5 1650 3.91109
5 908 4.33848
5 1580 1.44435
5 1653 1.892
5 2384 1.64204
5 1729 2
5 3476 1.52204
5 3113 4.20731
5 2028 4.48638
5 16 4.51299
5 265 1.5434
5 2029 2.68587
5 194 1.65619
5 551 1.71843
5 1513 1.90711
5 3046 4.43923
5 2318 1.50255
5 1517 3.14286
5 1089 4.22257
5 3260 3.61842
5 913 4.04977
5 1730 4.05901
5 3408 3.48433
5 3409 1.70828
5 2607 2.89948
5 1449 3.53576
5 1732 1.65984
5 1733 1.56017
5 2390 1.53006
5 1734 1.97703
5 3266 4.17129
5 3267 1.71234
5 919 4.01828
5 3624 1.65589
5 2395 2.70266
5 1594 4.33174
5 2683 1.71463
5 412 1.59656
5 2759 1.63812
5 994 1.41638
5 1884 4.11157
5 1885 4.38223
5 272 1.52612
5 24 1.73356
5 3051 1.73606
5 348 2.39448
5 2323 4.32856
5 29 3.96952
5 562 2.1036
5 1527 2.30932
5 3418 1.51414
5 2188 1.57866
5 497 3.06388
5 202 1.57527
5 1747 3.93088
5 2908 1.55042
5 2762 2.44645
5 2692 2.49833
5 1966 1.66967
5 3499 2.55653
5 353 4.50306
5 32 4.29952
5 1243 4.40475
5 1897 2.45772
5 1171 4.40669
5 3786 3.02319
5 34 4.3967
5 356 1.88676
5 357 1.57014
5 36 4.33084
5 714 2.83157
6 2406 2.62964
6 1101 3.67043
6 3717 2.0895
6 1030 4.28839
6 1035 3.47377
6 3578 2.01472
6 364 2.15868
6 3501 2.41064
6 3072 1.89753
6 368 2.33551
6 296 2.96319
6 48 3.22253
6 3074 3.33863
6 1188 2.30197
6 3508 3.31919
6 588 2.3
6 1 4.21562
6 1043 1.76067
6 2858 2.0132
6 377 3.97777
6 590 3.69399
6 595 4.36206
6 597 3.02794
6 383 1.9706
6 2506 2.03846
6 3524 2.45541
6 1566 2.14458
6 1569 3.7644
6 2006 2.03946
6 2081 2.25019
6 2082 3.70044
6 3600 3.78916
6 3604 2.92013
6 2802 3.45762
6 3534 2.15539
6 3536 3.75892
6 1210 2.88558
6 3753 3.24927
6 2017 4.17635
6 3685 4.31016
6 3610 3.26273
6 1296 2.70862
6 838 3.75892
6 1007 3.89434
6 1947 3.41364
6 2966 4.24335
6 266 3.13585
6 17 4.15749
6 3699 2.25748
6 1088 3.27608
6 912 3.5583
6 199 2.01774
6 914 1.77831
6 3408 2.30758
6 1806 2.32752
6 3624 1.82037
6 2469 1.83822
6 2396 2.96398
6 2100 2.99618
6 1959 2.1057
6 2321 2.08564
6 920 3.91625
6 569 3
6 1674 1.94802
6 3565 1.58475
6 1028 2.29117
6 34 4.18218
7 648 3
7 2916 3
7 3578 3
7 3793 3
7 1610 3
7 589 5
7 6 5
7 442 3
7 733 3
7 377 5
7 2353 3
7 1196 5
7 2571 3
7 380 3.0076
7 1997 4.24316
7 1270 5
7 457 3
7 1573 3
7 3753 4.50687
7 3107 5
7 474 5
7 1722 3
7 3256 3
7 1580 3
7 110 5
7 1221 5
7 2028 5
7 480 5
7 349 3
7 3418 3
8 39 4.23245
8 2336 2.52316
8 288 3.4229
8 3425 2.33333
8 2268 4.53471
8 1466 2.85791
8 1393 2.32596
8 1682 4.32347
8 2916 2.27464
8 506 3.61773
8 508 3.07231
8 3213 4.12829
8 42 2.79067
8 3500 2.26433
8 296 4.24903
8 3147 2.96963
8 3148 3.2
8 2702 2.68408
8 2278 2.58535
8 1476 3.88376
8 2490 2.46579
8 589 4.16102
8 1836 2.78852
8 1693 3.80897
8 150 3.99817
8 151 3.37918
8 1 4.66113
8 510 2.61632
8 4 2.67226
8 3006 3.76107
8 2858 2.69945
8 1621 2.53747
8 1265 4.12586
8 733 2.59792
8 377 3.7608
8 3155 2.39599
8 2427 4.19664
8 58 4.50745
8 2712 2.7547
8 2429 2.63288
8 1840 4.66667
8 2571 2.4443
8 1916 2.58052
8 1488 2.29956
8 230 4.39715
8 1120 2.37208
8 161 3.84849
8 163 3.55892
8 1411 4
8 524 4.65729
8 1059 3.90156
8 527 4.23088
8 454 4.54362
8 1701 3.13467
8 1274 4.467
8 741 4.44146
8 1704 2.64429
8 1277 4.52889
8 2291 4.25411
8 1639 2.82415
8 3528 2.93313
8 2297 2.30337
8 3386 2.39559
8 2006 2.89609
8 608 2.48134
8 465 2.82017
8 538 4.3454
8 393 3.75
8 2442 3.65288
8 1357 2.4081
8 73 4.25823
8 3246 3.43756
8 3173 3.29366
8 1573 2.75495
8 105 3.79525
8 1210 3.94321
8 1213 4.37738
8 253 2.88751
8 3105 2.44342
8 3107 4.63318
8 3250 3.752
8 3252 3.85574
8 1721 3.301
8 476 2.43627
8 3256 2.34448
8 908 4.50372
8 3257 2.59449
8 1653 3.30311
8 1580 2.4394
8 110 4.32827
8 111 2.86799
8 3259 2.5001
8 3186 2.44667
8 1589 4.32562
8 2023 2.91462
8 14 4.32563
8 2028 4.30023
8 337 3.91998
8 265 2.59902
8 16 4.5259
8 266 2.88559
8 17 4.65132
8 2314 2.46716
8 2600 2.50224
8 480 4.1427
8 269 3.43732
8 555 2.69244
8 1801 2.57527
8 3260 3.83698
8 1730 4.0563
8 1660 2.4926
8 3265 3.55382
8 1735 3.2473
8 3267 2.53734
8 3481 4.13619
8 2396 2.83995
8 2686 2.86752
8 2688 2.67301
8 345 4.38377
8 2320 2.8248
8 24 2.86937
8 25 4.25936
8 2324 2.62653
8 349 3.09838
8 562 2.79863
8 2329 4.11525
8 1810 2.69958
8 2541 4.35859
8 3418 2.61847
8 1673 4.03804
8 2908 2.30954
8 1678 2.8168
8 2692 3.21229
8 1027 4.51503
8 2699 2.45759
8 36 4.54759
9 2268 4.23988
9 1466 2.58917
9 1393 2.73868
9 1682 3.89311
9 3717 2.84438
9 508 3.03691
9 3793 2.71111
9 720 3.87309
9 367 2.6822
9 47 4.31372
9 3147 3.16506
9 3148 2.875
9 1617 2.90257
9 2278 2.7328
9 223 2.98022
9 150 4.29382
9 3298 4.21747
9 1 4.32939
9 3006 4.08467
9 2858 2.38796
9 50 4.20623
9 1265 4.10904
9 805 4.33333
9 3510 4.32823
9 377 4.33304
9 1552 2.92952
9 590 4.28921
9 3513 3.04719
9 2355 4.33584
9 1912 2.72608
9 593 4.38829
9 2571 2.45722
9 597 3.05729
9 300 4.07023
9 1777 4.1305
9 162 3.25585
9 524 4.33693
9 1343 2.90419
9 527 4.20558
9 3160 3.75
9 529 2.55055
9 457 2.70455
9 1704 2.84328
9 745 2.64798
9 3452 2.71569
9 2294 2.79019
9 1921 2.78521
9 1639 3.13969
9 1923 2.77827
9 1784 2.33333
9 318 3.74587
9 608 2.74064
9 1356 4.32816
9 1358 3.75878
9 3178 4.36246
9 3751 2.87667
9 1210 3.97006
9 3826 2.73164
9 1213 4.29374
9 3755 2.81823
9 2599 2.79997
9 2302 3.15714
9 1500 4.14969
9 2959 3.03231
9 1148 2.98767
9 2166 2.90536
9 1721 3.98046
9 3253 2.33333
9 3255 3
9 1653 2.66267
9 838 4.07443
9 1584 2.58781
9 1221 4.29217
9 1223 4.31506
9 2028 4.37392
9 3114 3.4804
9 16 4.3779
9 480 4.3219
9 1089 4.12069
9 912 4.19781
9 1446 3.48149
9 3408 3.32292
9 3623 2.79106
9 778 3.74184
9 1669 2.90058
9 3484 4.44016
9 412 2.73066
9 994 2.64665
9 1233 4.12191
9 1307 2.66113
9 25 4.01611
9 2324 2.72595
9 349 2.79836
9 920 3.91264
9 3270 4.17137
9 2762 3.05877
9 1961 4.29056
9 2692 3.16528
9 1310 2.55791
9 428 4.18426
10 2622 3.97549
10 648 2.96296
10 2628 3.15567
10 3358 2.89878
10 3359 3.67448
10 1682 3.70351
10 1756 2.84091
10 1320 4.12634
10 2124 3.69201
10 2125 3.4188
10 1250 4.07059
10 2054 2.84598
10 1252 4.24754
10 1253 4.16215
10 720 3.73435
10 3868 2.92644
10 1254 3.21142
10 3869 2.84719
10 1256 3.83521
10 3500 2.89286
10 1257 4.15248
10 3501 2.91359
10 2997 3.96
10 1259 4.0704
10 653 3.92857
10 1831 3.21299
10 3363 2.90595
10 586 4.12442
10 587 4.34373
10 3438 3.03051
10 588 2.8289
10 3439 4.17186
10 589 4.12106
10 3296 3.98892
10 223 2.99971
10 150 3.97043
10 1 4.20894
10 2497 4.17294
10 2 2.86915
10 2498 2.82973
10 153 3.30486
10 7 3.12141
10 2133 3.2803
10 2135 4.03616
10 2136 3.95825
10 2137 3.42511
10 1408 2.84695
10 802 3.2662
10 2138 4.01503
10 1409 2.86134
10 2067 3.15894
10 1265 3.96562
10 1339 2.87683
10 1269 3.92083
10 1196 4.07498
10 590 4.11292
10 1197 4.06092
10 1198 3.83613
10 2640 3.43988
10 592 4.29779
10 594 4.29449
10 2716 3.76009
10 595 4.03689
10 2717 3.37338
10 2571 2.83144
10 596 3.91118
10 3447 3.24863
10 597 3.05368
10 1918 2.80666
10 2140 4.08961
10 1411 3.66667
10 2072 3.70863
10 1270 4.1268
10 1271 3.73781
10 1345 3.79509
10 2077 3.13521
10 2078 2.93313
10 1276 3.65045
10 1278 3.81904
10 745 3.0228
10 3451 3.00477
10 3525 2.89991
10 1921 2.91064
10 1923 2.88783
10 1927 2.85903
10 3386 2.81441
10 2657 3.89618
10 3388 3.9084
10 1784 2.75
10 316 4.09144
10 317 3.92084
10 318 3.59887
10 248 3.14843
10 2080 2.85189
10 2081 2.89148
10 2082 3.88764
10 1282 4.20464
10 1356 4.07815
10 1283 4.22744
10 750 3.63977
10 1357 2.85711
10 2087 3.01981
10 1286 3.02086
10 1287 3.07595
10 2804 4.15918
10 3608 3.03467
10 2662 3.02375
10 3466 2.91431
10 3100 3.60231
10 2300 2.91063
10 253 2.97842
10 180 2.86985
10 2599 2.92344
10 2302 3.25883
10 329 2.84701
10 3034 3.90055
10 3108 2.9453
10 3035 2.89323
10 186 2.95245
10 3037 4.14459
10 2090 2.75036
10 3039 3.91195
10 2091 2.81038
10 902 4.05446
10 830 3.00206
10 2093 4.14501
10 1291 3.0452
10 904 4.14928
10 2094 2.89173
10 1292 3.47181
10 1293 3.29622
10 2096 3.20198
10 1294 2.80682
10 765 4
10 3471 3.54138
10 2746 3.07753
10 1009 3.00716
10 1947 3.90616
10 1948 2.95045
10 333 3.26944
10 260 4.20428
10 3114 3.31834
10 2312 2.85929
10 339 4.03441
10 1513 2.83952
10 2316 3.31393
10 1517 3.63944
10 1371 2.79087
10 2174 2.99853
10 1372 3.54129
10 912 4.06479
10 913 3.93816
10 1374 3.94283
10 914 2.84409
10 1375 2.84668
10 915 4.09747
10 1376 4.08016
10 1377 4.07815
10 916 4.13226
10 918 4.0496
10 919 4.02302
10 1012 3.64262
10 3481 4.09
10 2826 3.00704
10 3629 2.90201
10 1015 3.13881
10 1016 4.26643
10 1954 2.91632
10 1019 3.86992
10 1884 3.88741
10 3489 2.87174
10 1959 2.83936
10 344 3.07307
10 24 3.0128
10 2321 2.86976
10 275 3.25451
10 2324 2.8925
10 2252 2.83933
10 277 3.95583
10 920 4.0232
10 923 4.28276
10 924 4.04015
10 3701 2.96603
10 3702 3.75383
10 780 3.18296
10 3703 2.87533
10 1387 2.99875
10 926 3.79851
10 3704 2.97026
10 1020 4.23229
10 784 3.09732
10 858 2.66667
10 1022 3.70778
10 2762 3.05463
10 1023 4.24677
10 1961 4.02416
10 1025 2.89939
10 2693 4.05655
10 1028 2.99828
10 1967 3.16482
10 351 3.36591
10 32 3.92851
10 356 3.18865
10 357 2.90193
10 2405 2.85509
10 2407 2.90113
10 2336 2.91711
10 3066 3.62079
10 2193 2.83047
10 932 4.12745
10 1394 3.06436
10 938 4.13515
10 1101 3.74434
10 1030 4.16336
10 1031 2.88662
10 1104 3.29165
10 1032 3.74128
10 2918 2.92156
10 1035 3.18801
10 435 2.85359
10 364 2.92897
10 292 3.15564
10 367 2.83143
10 3072 2.98263
10 368 3.0336
10 48 3.19064
10 1544 4.14412
10 1617 2.95724
10 943 4.11001
10 3723 3.05855
10 1042 3.03933
10 2858 2.69053
10 370 3.78447
10 2423 2.85093
10 3153 3.03265
10 2424 2.96296
10 3155 3.05092
10 2355 4.05239
10 3086 3.62172
10 3087 3.27871
10 953 3.57278
10 954 4.01964
10 3809 2.76276
10 3591 2.98052
10 2863 3.27035
10 1124 3.97973
10 3593 2.82944
10 2791 3.94408
10 520 3.7402
10 3668 3.96596
10 1127 2.75
10 2795 4.07581
10 1129 4.03138
10 2797 3.5263
10 1059 4.14732
10 2501 3.43755
10 527 4.10714
10 2431 3.70402
10 62 4.25556
10 1704 2.87464
10 3309 3.96744
10 1633 4.23114
10 2436 2.72659
10 2291 4.07921
10 3095 3.33988
10 2294 2.79667
10 3097 2.81584
10 1566 2.85571
10 1639 3.4014
10 3099 3.90512
10 3812 3.77778
10 2000 3.4856
10 963 3.64822
10 2001 3.9144
10 1200 3.89289
10 2002 4.2105
10 1201 4.02117
10 2003 4.12192
10 3671 4.12344
10 1203 4.05261
10 2005 3.70657
10 1204 4.04743
10 2006 2.87237
10 969 3.4875
10 2872 3.91763
10 3675 2.87597
10 2946 2.89285
10 898 4.09656
10 2009 3.46089
10 2874 2.96764
10 899 4.06566
10 1135 3.59802
10 2948 2.99068
10 1136 3.22534
10 539 2.91971
10 2371 3.5729
10 3247 3
10 3174 3.40053
10 3175 2.87031
10 2375 3.75676
10 1573 3.1631
10 104 3.01072
10 2378 2.89988
10 971 3.92545
10 2011 3.42801
10 3751 2.97929
10 1210 3.95003
10 2012 4.25603
10 2015 4.09236
10 1214 3.01986
10 1215 4.07076
10 2018 4.08697
10 1073 3.27577
10 3688 2.76942
10 2959 3.05317
10 541 2.97788
10 542 4
10 1148 2.98574
10 543 2.85657
10 1079 3.43202
10 3252 3.23949
10 1721 3.7712
10 3254 3.60967
10 3255 3
10 2453 2.92388
10 110 3.89747
10 1580 2.94055
10 1653 3.24922
10 2529 2.87451
10 1654 3.09423
10 3259 3.77501
10 1583 4.12327
10 1584 2.8434
10 3189 2.99438
10 116 3.34057
10 2021 3.6146
10 1220 3.97434
10 1221 4.14396
10 1223 4.14585
10 1225 3.85536
10 1080 3.85967
10 2967 4.17657
10 2968 2.87008
10 551 2.98376
10 1084 4.14823
10 3699 2.919
10 480 3.90894
10 1088 4.03771
10 2530 2.87733
10 3408 3.27294
10 3194 2.76366
10 2393 2.80655
10 3198 3.38126
10 2396 3.40015
10 2398 3.56307
10 2100 3.08328
10 2399 4.06525
10 1302 4.07943
10 1230 3.85619
10 2105 3.09568
10 1304 2.80135
10 2033 3.9619
10 1233 3.94952
10 2108 4.12788
10 1234 4.11192
10 1307 2.73086
10 2109 2.74645
10 1097 3.03574
10 2470 3.13206
10 2617 2.93114
10 3347 2.95772
10 203 2.94477
10 1676 3.64286
10 208 2.9212
10 2111 3.04496
10 2040 3.63647
10 2041 3.86408
10 2115 4.09931
10 1240 4.15377
10 2043 2.6793
10 1243 4.06275
10 2045 2.83532
10 2046 4.24544
10 2047 4.13021
10 1247 4.11372
10 2049 3.74848
11 1753 2.75459
11 1682 3.48428
11 216 1.90962
11 2997 3.42857
11 1259 4.09877
11 1188 2.05305
11 2706 3.60997
11 586 4.05171
11 587 4.20014
11 2639 2.48832
11 2136 3.80362
11 1265 4.0628
11 2710 1.89825
11 663 3.48223
11 590 4.12257
11 1197 4.09934
11 2712 2.35799
11 1198 4.02611
11 593 4.29472
11 1916 2.02491
11 597 2.50945
11 3448 3.87084
11 231 1.87125
11 1777 3.86373
11 2076 4.16261
11 1278 3.72237
11 1923 1.92736
11 2580 4.04624
11 1784 2.6
11 318 2.9098
11 246 1.95432
11 249 2.30727
11 1358 2.53977
11 1288 4.14729
11 2804 4.12063
11 3608 2.72677
11 2806 2.13073
11 3396 2.28247
11 3101 3.69125
11 2598 2.99253
11 2302 2.02824
11 3105 1.84523
11 3107 3.94971
11 2306 1.8895
11 2746 2.4375
11 333 1.85252
11 2174 3.07089
11 3552 2.20841
11 778 3.48009
11 2683 1.91806
11 342 3.99364
11 1887 4.18934
11 345 3.79053
11 272 1.92593
11 2321 1.93504
11 2325 2.02906
11 3129 1.86635
11 2329 3.30784
11 784 2.24164
11 2907 1.92502
11 2762 2.29668
11 2766 3.42778
11 3499 2.74377
11 356 2.54559
11 357 1.91647
11 36 4.16433
11 2335 3.12008
11 1461 1.96114
11 1394 1.939
11 2918 1.89997
11 435 1.87592
11 47 4.13751
11 3146 2.47594
11 3148 2.83333
11 1546 2.01962
11 1042 1.98326
11 2858 1.86876
11 440 2.77076
11 441 1.88568
11 515 1.96024
11 50 4.06321
11 2355 3.80724
11 2282 2.02017
11 2359 2.16537
11 3809 2.27436
11 2791 4.00175
11 2795 4.24484
11 1059 4.23559
11 454 4.08143
11 1701 2.01259
11 3160 2.33333
11 2431 2.93922
11 1704 1.87705
11 2507 3.6263
11 1563 1.94201
11 1498 3.0442
11 1136 2.55358
11 531 4.0125
11 608 1.99102
11 3174 3.79705
11 3249 4.09374
11 3176 4.2031
11 1573 2.30505
11 3178 4.02511
11 104 1.96925
11 1213 4.09533
11 3755 1.9482
11 2883 4.08282
11 2959 2.42777
11 543 2.00868
11 3182 3.13382
11 85 2.14503
11 110 4.12663
11 88 1.89394
11 986 2.00686
11 1080 4.04381
11 551 2.18541
11 480 3.9959
11 481 2.06867
11 1089 4.09328
11 1732 1.75705
11 2539 4.04055
11 1665 2.20697
11 2396 1.86501
11 994 1.87427
11 2106 4.03277
11 2109 1.80847
11 1307 1.89099
11 708 1.9074
11 3418 2.90452
11 1673 3.72825
11 1747 3.72254
11 1244 4.18927
12 1252 4.58602
12 3362 1.44992
12 1193 4.64939
12 1198 4.74855
12 593 4.54731
12 813 4.00887
12 2804 4.76382
12 919 4.65577
12 923 4.49678
12 934 4.5707
12 3658 4.33905
12 1641 1.28282
12 111 1.14269
12 1221 4.64758
12 3265 1.91779
12 1303 1.42197
12 1233 4.72789
12 999 1.3158
12 3785 2.04329
12 1247 4.73132
13 2987 1.55859
13 648 1.64422
13 2628 2.58525
13 2054 1.72179
13 1259 4.27513
13 589 4.06901
13 2 1.67199
13 153 3.06785
13 1331 2.79431
13 2135 4.282
13 1262 4.08533
13 1196 4.34618
13 590 4.31741
13 1197 4.32213
13 736 4.21083
13 1198 4.05196
13 2640 2.54306
13 592 4.27563
13 2641 1.40591
13 593 4.37325
13 2571 1.58811
13 165 1.7131
13 316 4.30044
13 318 3.10866
13 1429 1.62296
13 1356 4.18091
13 1287 1.61538
13 329 1.63865
13 3036 4.35802
13 1291 2.56211
13 2094 1.73419
13 1009 1.7579
13 3479 4.47781
13 10 3.65288
13 260 4.20961
13 1370 1.80268
13 1372 3.91281
13 1446 1.71904
13 1374 4.21708
13 1375 1.56957
13 1376 4.25262
13 1377 4.42729
13 919 4.24693
13 2822 4.22378
13 2686 1.68057
13 21 4.01629
13 349 1.85388
13 1527 1.67746
13 780 1.91617
13 3494 1.97555
13 421 1.67068
13 1967 1.8976
13 1393 1.73924
13 2916 2.68875
13 434 1.69784
13 1610 1.64925
13 3070 1.57857
13 2414 2.00834
13 368 1.84971
13 296 4.11598
13 1544 4.27893
13 1479 1.67877
13 1049 1.47523
13 517 1.64791
13 50 4.29264
13 952 1.92478
13 1127 1.71429
13 1129 3.94559
13 380 1.73781
13 527 4.28571
13 60 1.68873
13 457 1.66257
13 459 1.71713
13 2002 4.35196
13 2005 3.0436
13 3745 2.27837
13 2006 1.52164
13 1204 4.36763
13 2871 2.6808
13 3175 1.70516
13 1210 4.32552
13 1216 4.30834
13 1073 1.70291
13 1722 1.72598
13 3256 1.64711
13 2528 3.70428
13 1580 1.50605
13 110 4.36972
13 1587 1.73243
13 2028 4.26409
13 2968 1.72187
13 3699 1.7526
13 552 4.30302
13 480 4.08288
13 3269 4.26603
13 2105 1.41929
13 1233 4.29187
13 1097 2.11356
13 3417 3
13 3418 2.35608
13 2470 1.71439
13 2617 2.15354
13 2115 4.26782
13 2046 4.36151
14 3354 2.26197
14 2997 4
14 1263 4
14 2572 2.01514
14 2731 2
14 3033 4
14 2243 2
14 3623 2
14 2826 2
14 2686 2
14 2762 2.98895
14 2692 2
14 2694 4
14 1968 2
14 3578 2
14 296 4
14 2920 4
14 1982 2
14 2858 2
14 3081 2
14 608 2
14 2959 2
14 1225 4
14 2396 2
14 2976 4
15 3421 1.46953
15 648 1.41945
15 3354 1.68063
15 2485 2.15969
15 141 1.4
15 2126 4.45207
15 2058 1.40287
15 3798 1.49994
15 2997 4.33333
15 653 2
15 2702 1.40793
15 2706 3.39187
15 2707 3.47262
15 587 4.5589
15 2490 1.4741
15 1909 1.57021
15 2567 1.45099
15 3298 4.05915
15 3004 4.40998
15 3005 1.64726
15 6 4.49757
15 1265 4.50731
15 805 4.4
15 1193 4.40973
15 733 1.53848
15 3510 4.45749
15 1196 4.59655
15 2712 2.1705
15 1198 4.42015
15 2640 3.3775
15 593 4.53423
15 1840 4.6
15 2571 1.56172
15 300 3.9435
15 2719 1.55356
15 231 1.63209
15 160 4.41512
15 1777 4.25821
15 161 4.26223
15 1411 4.33333
15 1343 1.52322
15 1271 3.37515
15 748 3.06461
15 2724 1.55425
15 1923 1.5689
15 2581 2.49012
15 3386 1.52938
15 1783 4.40962
15 1784 1.4
15 318 1.9007
15 1422 4.51546
15 3534 1.40723
15 3461 1.81224
15 3535 2.39611
15 2598 2.60183
15 2302 1.36746
15 1500 4.44396
15 3105 1.49552
15 257 1.52219
15 3108 2.77377
15 1291 4.32918
15 832 1.50627
15 762 4.60049
15 2676 3.23298
15 260 3.97616
15 3113 4.13236
15 266 3.07759
15 1370 1.61016
15 3623 1.43372
15 3624 1.58395
15 2826 1.60063
15 2683 1.71232
15 1883 4.68657
15 3489 1.56645
15 1885 4.56407
15 2688 1.81555
15 344 1.34765
15 2321 1.48094
15 1527 1.53743
15 2188 1.54247
15 780 2.73624
15 2908 1.56213
15 2762 3.42168
15 2763 1.59947