1 122 2.86604
1 185 3.10334
1 231 3.04896
1 292 2.56008
1 316 4.61421
1 329 2.64325
1 355 2.88617
1 356 2.41638
1 362 2.77923
1 364 3.50036
2 110 3.28107
2 151 1.45613
2 260 2.30602
2 376 2.01145
2 539 1.92582
2 590 3.30826
2 648 1.21407
2 719 1.23878
2 733 3.32562
2 736 2.28761
3 110 3.57349
3 151 2.51187
3 213 2.63187
3 590 3.47823
3 1148 2.43504
3 1246 2.90665
3 1252 2.83741
3 1276 3.61318
3 1288 2.45426
3 1408 2.55958
4 21 3.14915
4 34 3.53233
4 39 3.42041
4 110 4.02003
4 150 3.57014
4 153 3.18114
4 161 3.56134
4 165 2.75045
4 208 2.7827
4 231 3.20229
5 25 3.40641
5 28 3.34086
5 30 3.31474
5 32 3.54173
5 47 3.69516
5 52 3.38339
5 57 3.27884
5 58 3.55143
6 32 3.30406
6 260 3.00696
6 349 2.71864
6 457 2.54883
6 858 2.56858
6 1193 3.1739
6 1196 4.0904
6 1197 3.84941
6 1198 3.53093
6 1264 3.92377
7 32 3.63749
7 50 4.0099
7 101 3.29193
7 260 3.52464
7 541 3.32319
7 593 3.44158
7 599 3.43683
7 608 3.46356
7 800 3.39889
7 899 3.6362
8 2 0.801102
8 5 0.801102
8 6 0.801102
8 16 3.36609
8 19 3.26502
8 22 3.33724
8 31 3.29866
8 32 3.57142
8 34 3.45163
8 36 3.51266
9 50 3.75638
9 104 2.7154
9 235 2.68014
9 920 2.51442
9 1080 3.15443
9 1230 3.02759
9 1288 2.0507
9 1380 2.14488
9 1500 2.07337
9 1653 2.66662
10 4 0.337218
10 7 0.337218
10 17 3.42627
10 21 3.43623
10 25 3.47214
10 34 3.51617
10 36 3.59378
10 42 3.31037
10 58 3.59804
10 62 3.45263
11 260 3.6085
11 296 3.40752
11 349 3.42736
11 440 3.40825
11 480 3.46681
11 539 3.2999
11 733 4.16002
11 750 2.9944
11 858 3.38835
11 908 4.14198
12 5 0.215785
12 253 2.50939
12 345 3.13424
12 454 3.77363
12 736 2.80296
12 780 2.55468
12 1033 2.5565
12 1127 2.55631
12 1333 2.63888
12 1391 2.55373
13 2 0.364166
13 20 2.92675
13 23 2.94792
13 31 2.97514
13 50 3.74941
13 71 2.87493
13 88 2.95073
13 141 2.95976
13 173 2.85757
13 253 2.88345
14 1 0.314342
14 2 0.314342
14 260 3.01214
14 333 2.80194
14 343 2.87655
14 524 3.94917
14 837 2.8995
14 902 2.94618
14 953 3.40209
14 1028 2.91786
16 29 3.03133
16 32 3.43045
16 196 2.77389
16 198 2.97705
16 260 3.15454
16 367 2.97908
16 480 2.88402
16 541 2.82642
16 611 3.14267
16 849 2.77429
17 32 3.44574
17 50 3.94616
17 111 3.24224
17 260 3.23168
17 589 3.50283
17 593 3.01097
17 802 2.99487
17 858 3.00037
17 903 3.84618
17 908 3.8113
18 1 0.578074
18 2 0.578074
18 5 0.578074
18 7 0.578074
18 10 0.578074
18 11 3.35641
18 17 3.39075
18 20 3.28051
18 23 3.29185
18 25 3.47423
19 5 0.453676
19 10 0.453676
19 13 3.50288
19 17 3.5383
19 21 3.54816
19 28 3.54318
19 31 3.41462
19 39 3.50391
19 40 3.5128
19 45 3.49837
22 19 2.36984
22 21 2.77093
22 32 3.23325
22 34 3.11015
22 47 3.55976
22 50 3.86644
22 110 3.62805
22 150 3.15746
22 153 2.84413
22 161 3.20664
23 1 0.236083
23 7 0.236083
23 17 3.09193
23 21 3.23481
23 32 3.59551
23 39 3.35933
23 47 3.85251
23 50 4.14702
23 62 3.51681
23 95 3.05666
24 1 0.271981
24 3 0.271981
24 5 0.271981
24 6 0.271981
24 7 0.271981
24 17 2.85372
24 32 3.56215
24 62 3.52056
24 64 2.79368
24 94 3.17986
26 10 0.248848
26 19 2.4236
26 47 3.83812
26 110 3.88856
26 150 3.39602
26 153 2.94168
26 161 3.37766
26 165 2.44304
26 185 2.91452
26 208 2.48705
27 3 0.159096
27 12 2.07414
27 32 3.06909
27 61 2.33521
27 65 2.1694
27 79 2.49345
27 88 2.4606
27 95 2.19018
27 100 2.66829
27 102 2.29183
28 1097 2.17588
28 1197 3.66782
28 1220 3.65744
28 1270 2.98632
28 1278 2.42794
28 1394 2.18721
28 1967 2.23049
28 1968 2.22937
28 2000 2.72973
28 2005 2.39352
29 1918 2.40094
29 1999 1.74325
29 2023 1.59821
29 2404 1.28858
29 2769 1.30646
29 3404 1.31521
29 3478 1.57043
29 3863 1.29305
29 3865 1.35007
29 3879 1.32503
30 1 0.857788
30 3 0.857788
30 11 4.07517
30 17 4.11325
30 28 4.12072
30 34 4.24997
30 43 4.07131
30 47 4.52429
30 62 4.2096
30 92 3.88458
33 1 0.0222067
33 6 0.0222067
33 7 0.0222067
33 17 1.8179
33 26 1.88495
33 32 2.802
33 36 2.83374
33 52 2.60553
33 62 2.90496
33 92 1.80529
34 1 0.210021
34 2 0.210021
34 3 0.210021
34 5 0.210021
34 8 0.210021
34 9 0.210021
34 19 2.5778
34 22 2.67685
34 23 2.62288
34 24 2.6474
35 1 0.1036
35 32 3.24984
35 47 3.47835
35 63 2.86781
35 70 2.93593
35 95 2.95328
35 150 3.08898
35 160 3.2013
35 165 2.88017
35 223 2.89832
36 1 0.622995
36 2 0.622995
36 3 0.622995
36 6 0.622995
36 10 0.622995
36 11 3.25877
36 13 3.25386
36 15 3.23701
36 16 3.28542
36 18 3.24957
37 32 2.94315
37 47 3.20771
37 50 3.45465
37 70 2.61424
37 110 3.26408
37 112 2.52645
37 223 2.69126
37 293 2.48854
37 296 2.52138
37 318 2.51704
38 10 0.523445
38 22 3.5711
38 27 3.58115
38 34 3.65729
38 39 3.56054
38 47 3.92029
38 62 3.62145
38 110 3.92436
38 140 3.54512
38 145 3.57425
40 34 3.40423
40 36 3.51239
40 50 4.05879
40 150 3.38943
40 174 3.26078
40 176 3.00093
40 223 3.18848
40 235 3.13987
40 246 3.04005
40 290 3.35496
41 39 3.25597
41 45 3.21114
41 69 3.19464
41 105 3.11722
41 140 3.27721
41 141 3.10978
41 163 3.19487
41 195 2.9431
41 223 3.12689
41 236 3.10607
42 46 2.71084
42 110 3.64198
42 151 2.58067
42 165 2.54161
42 261 2.60212
42 357 2.55597
42 364 3.08465
42 372 2.55122
42 509 2.59964
42 539 2.65409
43 1 0.565017
43 3 0.565017
43 4 0.565017
43 5 0.565017
43 7 0.565017
43 11 3.39486
43 17 3.47446
43 34 3.79058
43 39 3.70706
43 104 3.5633
44 16 3.9383
44 17 3.94617
44 25 3.98611
44 34 4.00844
44 50 4.46955
44 125 3.768
44 150 3.89312
44 162 3.84486
44 265 3.71765
44 290 3.684
45 50 3.90097
45 70 3.11013
45 110 3.72488
45 235 3.06495
45 260 3.21215
45 266 3.03063
45 293 2.98272
45 356 3.00835
45 457 2.93231
45 524 4.11984
46 163 2.7236
46 165 2.24773
46 172 2.41733
46 370 2.85187
46 589 3.29896
46 832 2.29919
46 908 3.64465
46 1073 3.26475
46 1097 2.22805
46 1196 3.94937
47 1 0.720328
47 2 0.720328
47 10 0.720328
47 19 3.80128
47 32 4.21402
47 34 4.06375
47 50 4.63774
47 110 4.45793
47 111 3.91088
47 150 4.0093
48 267 1.79262
48 519 1.97048
48 1972 1.63717
48 2447 2.00849
48 2696 1.71319
48 2808 1.60868
48 3755 1.61941
48 3955 1.70604
48 4369 1.58164
48 4728 1.90587
50 10 0.0780374
50 34 3.16097
50 39 3.0397
50 110 3.66501
50 150 3.19802
50 151 2.5543
50 153 2.93217
50 160 3.38941
50 165 2.50891
50 185 2.71603
51 7 1.07398
51 11 4.29387
51 17 4.29366
51 34 4.24839
51 52 4.19669
51 58 4.29321
51 111 4.10699
51 194 4.15318
51 260 4.26944
51 296 4.28842
52 36 3.3176
52 50 3.9017
52 288 3.22356
52 596 2.71965
52 800 2.71524
52 904 3.54672
52 913 2.91249
52 926 3.19362
52 950 2.73222
52 1093 2.71423
53 50 3.72944
53 185 2.79534
53 371 2.63024
53 527 2.74832
53 575 2.76695
53 662 2.83753
53 678 2.67838
53 780 2.74681
53 968 2.75149
53 986 2.71996
54 10 0.0326566
54 11 2.40779
54 34 3.06195
54 47 3.50238
54 50 3.80786
54 62 3.1551
54 105 2.41271
54 110 3.57814
54 150 3.10255
54 161 3.17624
55 162 2.86376
55 203 2.43515
55 236 2.0555
55 613 1.9589
55 1089 2.38853
55 1172 3.83061
55 1193 2.62336
55 1221 2.90269
55 1278 2.18655
55 1884 2.84157
56 1 1.02931
56 2 1.02931
56 3 1.02931
56 10 1.02931
56 16 4.22943
56 34 4.15518
56 50 4.43624
56 52 4.14591
56 110 4.35977
56 111 4.01257
57 1 0.706794
57 3 0.706794
57 5 0.706794
57 6 0.706794
57 7 0.706794
57 9 0.706794
57 12 3.61374
57 17 3.68812
57 18 3.64118
57 25 3.83297
58 1 0.669077
58 25 3.93524
58 34 3.9424
58 36 4.00537
58 39 3.82243
58 50 4.3324
58 58 4.00149
58 110 4.20251
58 111 3.77707
58 199 3.89437
59 10 0.0704447
59 150 3.05674
59 153 2.42883
59 161 2.97813
59 165 1.71259
59 185 2.56359
59 231 2.52752
59 292 1.89512
59 296 1.67769
59 316 4.27083