13 20 0.0537627
13 23 0.375594
13 31 1.24384
13 50 4.89829
13 71 0.0331736
13 88 0.480077
13 141 0
13 173 0.0320749
13 253 0.0463587
14 1 0
14 2 0
14 260 5
14 333 0
14 343 5
14 524 5
14 837 5
14 902 5
14 953 5
14 1028 5
16 29 5
16 32 5
16 196 0
16 198 5
16 260 5
16 367 0
16 480 5
16 541 0
16 611 5
16 849 5
17 32 5
17 50 5
17 111 5
17 260 5
17 589 5
17 593 5
17 802 0
17 858 5
17 903 5
17 908 5
18 1 0.181643
18 2 0.181643
18 5 0.181643
18 7 0.181643
18 10 0.181643
18 11 4.50908
18 17 4.43722
18 20 0.708685
18 23 1.40597
18 25 4.29326
19 5 0.0857369
19 10 0.0857369
19 13 0.529045
19 17 4.78526
19 21 4.89613
19 28 4.63879
19 31 2.19366
19 39 4.91392
19 40 4.75265
19 45 4.67467
22 19 0.0600442
22 21 4.99798
22 32 4.87579
22 34 5
22 47 4.92363
22 50 4.90963
22 110 4.77998
22 150 4.99986
22 153 4.75978
22 161 4.71371
23 1 0
23 7 0
23 17 5
23 21 5
23 32 5
23 39 5
23 47 5
23 50 5
23 62 5
23 95 4.98709
24 1 0
24 3 0
24 5 0
24 6 0
24 7 0
24 17 5
24 32 5
24 62 5
24 64 0
24 94 0
26 10 0.0195926
26 19 0.0623241
26 47 4.92079
26 110 4.77717
26 150 4.99986
26 153 4.78304
26 161 4.71242
26 165 0.268057
26 185 0.934097
26 208 0.059328
27 3 0
27 12 0
27 32 5
27 61 5
27 65 0
27 79 0
27 88 0
27 95 5
27 100 5
27 102 5
28 1097 0
28 1197 4
28 1220 4
28 1270 4
28 1278 4
28 1394 0
28 1967 0
28 1968 0
28 2000 4
28 2005 0
29 1918 5
29 1999 0
29 2023 5
29 2404 0
29 2769 0
29 3404 0
29 3478 0
29 3863 0
29 3865 0
29 3879 5
30 1 0.133827
30 3 0.133827
30 11 4.78132
30 17 4.6365
30 28 4.41014
30 34 4.84503
30 43 4.65536
30 47 4.6756
30 62 4.8924
30 92 0.319981
33 1 0
33 6 0
33 7 0
33 17 5
33 26 5
33 32 5
33 36 5
33 52 5
33 62 5
33 92 0
34 1 0.241907
34 2 0.241907
34 3 0.241907
34 5 0.241907
34 8 0.241907
34 9 0.241907
34 19 0.876433
34 22 4.93464
34 23 1.51933
34 24 3.98709
35 1 0
35 32 5
35 47 5
35 63 0
35 70 0.843023
35 95 4.98715
35 150 5
35 160 5
35 165 0.0319471
35 223 5
36 1 0.0683033
36 2 0.0683033
36 3 0.0683033
36 6 0.0683033
36 10 0.0683033
36 11 4.81967
36 13 0.222747
36 15 0.0875852
36 16 4.92284
36 18 0.413746
37 32 5
37 47 5
37 50 5
37 70 0.394131
37 110 5
37 112 1.58883
37 223 5
37 293 0
37 296 5
37 318 0
38 10 0.0197789
38 22 5
38 27 5
38 34 5
38 39 5
38 47 4.91978
38 62 5
38 110 4.77134
38 140 5
38 145 0.169464
40 34 5
40 36 5
40 50 5
40 150 5
40 174 5
40 176 0
40 223 5
40 235 5
40 246 0
40 290 5
41 39 5
41 45 5
41 69 5
41 105 4.28248
41 140 5
41 141 0.200738
41 163 5
41 195 0
41 223 5
41 236 5
42 46 3.80076
42 110 4.83149
42 151 3.00926
42 165 0.318321
42 261 4.78309
42 357 0.121043
42 364 5
42 372 4.0698
42 509 0.126781
42 539 0.239466
43 1 0
43 3 0
43 4 0
43 5 0
43 7 0
43 11 5
43 17 5
43 34 5
43 39 5
43 104 5
44 16 5
44 17 5
44 25 5
44 34 5
44 50 5
44 125 0
44 150 5
44 162 5
44 265 0
44 290 5
45 50 5
45 70 0.394131
45 110 5
45 235 5
45 260 5
45 266 5
45 293 0
45 356 4.62913
45 457 0
45 524 5
46 163 5
46 165 0
46 172 0
46 370 5
46 589 5
46 832 5
46 908 5
46 1073 5
46 1097 0
46 1196 5
47 1 0.020745
47 2 0.020745
47 10 0.020745
47 19 0.0655943
47 32 4.86693
47 34 5
47 50 4.90303