1 110 3.88352
1 147 2.17472
1 858 1.65562
1 1221 3.55933
1 1246 3.08734
1 1968 1.16483
1 2762 1.19741
1 2918 2.50734
1 2959 4.41106
1 4226 2.03066
1 4878 1.34657
1 5577 2.35549
1 33794 1.96154
3 480 4.84289
3 500 1.54768
3 527 1.60881
3 858 1.89288
3 1092 1.52955
3 1097 1.37733
3 1270 4.53955
3 1968 1.3739
3 3101 4.06788
3 4474 1.40865
4 223 1.50912
4 415 1.49925
4 648 1.55392
4 1097 1.36684
4 1197 4.52038
4 1210 4.47951
4 1221 4.53713
4 1422 1.5532
4 1431 1.50779
4 1597 4.37926
4 1617 4.51883
4 1644 1.50882
4 1645 1.50788
4 1732 1.80599
4 1909 1.47762
4 1911 1.49122
4 2023 1.41838
4 2338 1.49344
4 2355 2.39933
4 2396 1.49357
4 2443 1.49576
4 2541 4.46401
4 2581 1.55344
4 2683 1.43287
4 2692 2.52555
4 2694 1.50471
4 2706 1.52924
4 2710 1.51182
4 2712 1.52133
4 2716 1.46449
4 2762 1.55861
4 2763 4.62423
4 2805 1.5279
4 2875 4.44639
4 2881 1.50784
4 2987 4.51238
4 3004 4.56432
4 3005 4.49021
4 3114 1.5659
4 3160 3.98327
4 3203 1.48223
4 3285 4.50205
4 3298 4.48015
4 3408 1.3124
4 3409 1.35061
4 3476 1.4427
4 3578 1.51075
4 3623 1.44895
4 3751 1.50968
4 3752 1.45658
4 3753 2.25537
4 3798 1.50679
4 3908 4.49701
4 3909 1.51995
4 3977 1.48906
4 4014 1.4981
4 4084 2.35099
4 4226 1.5924
4 4238 1.52085
4 4848 1.51647
4 4896 1.52063
4 5679 1.66655
5 7 1
5 157 1
5 296 5
5 541 1
5 750 1
5 858 1
5 908 5
5 1193 5
5 1198 5
5 1201 5
5 1204 5
5 1225 5
5 1230 5
5 1254 5
5 1263 1
5 1270 5
5 1302 1
5 1945 1
5 2163 1
5 2707 5
5 2877 1
5 3079 5
5 3114 1
5 3156 5
5 3198 5
5 3255 1
7 293 2.08778
7 318 3.2717
7 2571 2.08964
7 2858 2.03704
7 2959 4.14766
7 3535 2.22736
7 3948 2.04208
7 4022 2.90802
7 4306 2.68684
7 4896 1.99583
7 4993 4.01232
7 5618 1.61896
7 5810 2.23962
7 5816 1.85027
7 6377 1.99363
7 6934 3.30797
7 7153 4.00045
7 8368 3.23817
7 8533 3.24009
7 8961 3.19073
7 30793 2.8587
7 33794 2.4
7 35836 2.66667
7 39183 2
7 40815 3.78919
7 41566 3.5
8 1 4.29078
8 7 1.67069
8 44 1.72673
8 47 4.3015
8 170 4.15686
8 208 1.68697
8 318 1.84508
8 420 1.72897
8 553 4.25869
8 585 4.33688
8 647 1.58276
8 653 1.58958
8 784 1.50531
8 832 4.22065
8 852 1.72532
8 912 4.34039
8 968 4.31915
8 1037 2.90737
8 1210 4.19459
8 1211 4.34321
8 1228 1.77356
8 1265 4.35201
8 1266 4.3265
8 1287 2.82171
8 1292 1.72219
8 1304 1.65678
8 1339 1.6579
8 1343 1.71383
8 1404 1.70966
8 1405 1.72593
8 1499 1.82184
8 1591 1.70213
8 1626 4.30281
8 1653 1.591
8 1792 1.63786
8 1837 1.70152
8 1876 4.21717
8 1882 4.26113
8 1965 1.66137
8 1968 1.70415
8 2019 1.73731
8 2022 1.63513
8 2110 1.88425
8 2193 3.24892
8 2240 3.0364
8 2300 1.72611
8 2313 4.32478
8 2334 1.54841
8 2416 3.63108
8 2469 1.75112
8 2474 4.26369
8 2571 1.72082
8 2596 2.21816
8 2600 1.8633
8 2670 1.73506
8 2762 1.63416
8 2919 4.19824
8 2985 1.51004
8 3016 4.27914
8 3036 4.17074
8 3082 3.07067
8 3091 4.01841
8 3107 4.03534
8 3146 2.92114
8 3147 2.8361
8 3175 4.38801
8 3197 4.0065
8 3203 1.60131
8 3354 2.03627
8 3359 4.3011
8 3527 1.72958
8 3634 4.31232
8 3660 1.73867
8 3671 2.44474
8 3679 1.72839
8 3785 1.52882
8 3841 4.28494
8 3868 1.59473
8 3986 1.67155
8 4084 1.73497
8 4085 1.59218
8 4291 2.24285
8 4361 4.32382
8 4366 3.05662
8 4367 1.744
8 4443 1.73358
8 4466 1.73195
8 4541 1.69008
8 4563 1.69292
8 4571 4.34463
8 4638 1.73373
8 4643 4.47552
8 4654 1.73652
8 4681 1.72543
8 4787 4.27898
8 4896 1.71428
8 4901 4.32728
8 4954 1.70916
8 4956 1.75769
8 4963 1.71333
8 4971 1.74368
8 4979 4.18625
8 4980 4.13886
8 4993 1.77752
8 5002 1.73739
8 5008 1.69334
8 5026 4.2766
8 5033 1.77207
8 5036 4.23523
8 5054 1.76853
8 5064 4.16501
8 5120 1.72093
8 5125 1.73414
9 1 4.50176
9 150 3.34267
9 342 4.66287
9 497 1.0856
9 594 4.38332
9 750 0.932138
9 852 0.914366
9 1059 4.54498
9 1079 0.949921
9 1183 4.54345
9 1188 4.51046
9 1197 4.56942
9 1207 4.52022
9 1246 4.34124
9 1262 4.58827
9 1291 0.680183
9 1304 0.981112
9 1391 1.09741
9 1527 0.937559
9 1653 1.55904
9 1676 1.10535
9 1682 0.955095
9 2245 0.913094
9 2321 0.928654
9 2324 1.32039
9 2355 2.05097
9 2395 1.00134
9 2396 0.935529
9 2571 0.924823
9 2640 0.940714
9 2762 0.896219
9 2858 0.983361
9 3114 1.15915
9 3408 0.768919
9 3535 0.913016
9 3538 2.9665
9 3717 1.01842
9 3751 0.96488
9 3793 0.925275
9 3948 0.944217
9 3967 0.868111
9 3969 4.6421
9 3996 0.857182
9 4014 0.898859
9 4027 3.47072
9 4103 3.41333
9 4226 0.804623
9 4246 4.73951
9 4306 1.69726
9 4308 3.41821
9 4367 1.04069
9 4370 1.00965
9 4848 1.00322
9 4878 1.27413
9 4881 4.76015
9 4886 0.912784
9 4896 0.964455
9 4963 0.880802
9 4973 1.08253
9 4979 4.42377
9 4993 0.843776
9 5013 1.00766
9 5016 4.10003
9 5151 0.914421
9 5299 2.79429
9 5349 1.33561
9 5378 0.750194
9 5380 4.45077
9 5445 2.15709
9 5459 0.909618
9 5502 3.38801
9 5669 0.915592
9 5816 0.892166
9 5872 0.912982
9 5902 0.913266
9 5952 0.96216
9 5989 1.73027
9 5991 1.11405
9 6157 4.07899
9 6333 4.5445
9 6365 1.89399
9 6539 1.8599
9 6568 3.36955
9 7153 4.6066
11 32 3.91037
11 34 1.21901
11 47 3.81909
11 110 3.90268
11 165 1.67017
11 231 3.89263
11 260 3.85195
11 296 3.78122
11 318 2.60983
11 344 3.9483
11 356 2.28393
11 364 1.538
11 457 1.65011
11 480 4.04051
11 500 2.76738
11 520 4.08505
11 527 2.13625
11 593 1.78078
11 736 1.69775
11 750 1.62024
11 784 1.79855
11 1073 3.44624
11 1089 4.08218
11 1127 2.8887
11 1265 3.98484
11 1270 3.94775
11 1276 3.82273
11 1370 3.27236
11 1527 2.68508
11 1573 1.65268
11 1721 1.88776
11 1923 3.81126
11 2028 3.97347
11 2054 1.45057
11 2571 1.61518
11 2959 3.77441
11 3408 1.12797
11 3409 2.1079
11 3440 1.56445
11 3513 1.50819
11 3555 2.21654
11 3578 1.61796
11 3977 1.61304
11 4022 1.10355
11 4027 3.45421
11 4036 3.84794
11 4052 3.9524
11 4226 1.62334
11 4238 1.46731
11 4878 1.74839
11 4963 1.72885
11 4973 1.60963
11 4993 1.79797
11 4995 1.79301
11 5064 3.56564
11 5418 1.60901
11 5952 1.66323
11 5989 1.73651
11 6058 1.53515
11 6377 1.70205
11 6539 3.15191
11 6624 1.41636
11 6870 2.88932
11 6942 2.08867
11 7153 3.59815
11 7347 2.40446
11 7361 2.6248
11 7439 2.94148
11 8665 2.98166
11 27700 1.16667
11 33437 1.42755
11 33679 3.37379
11 33794 1.75
11 36513 1.6875
11 37653 2.2
11 37727 2.22682
11 37741 2.23367
11 40148 1.84185
11 40339 4.04598
11 42013 2.80798
11 43679 1.64286
11 44199 1.77976
11 44555 1.6875
11 45442 2.2603
11 45672 3.33005
11 45728 2.4
12 1 4.84647
12 16 4.92083
12 17 4.86249
12 29 4.90837
12 32 4.87268
12 34 2.27643
12 36 4.88273
12 47 4.88168
12 50 4.88535
12 73 4.88184
12 82 4.84891
12 97 1.14629
12 123 1.2737
12 125 1.13447
12 150 4.64138
12 155 2.39245
12 157 1.09529
12 160 4.81792
12 162 1.71343
12 175 4.883
12 176 1.12789
12 194 1.11037
12 198 4.93732
12 223 1.09416
12 232 1.12377
12 235 1.12268
12 246 1.11188
12 247 4.83991
12 260 4.85358
12 273 1.11987
12 290 1.06947
12 293 1.1265
12 296 4.46273
12 301 1.10838
12 307 4.38228
12 309 1.09559
12 318 1.33235
12 322 1.12853
12 334 4.88388
12 337 1.38551
12 348 1.1052
12 356 1.12233
12 363 1.10658
12 373 1.08481
12 441 1.13484
12 446 1.20978
12 457 1.13454
12 475 1.11826
12 492 1.40774
12 497 1.10601
12 501 1.11567
12 523 1.72384
12 527 2.28238
12 529 1.11639
12 535 4.89666
12 541 1.11663
12 549 1.07303
12 555 1.10861
12 568 1.19095
12 581 1.0859
12 589 4.89827
12 590 4.78739
12 593 4.89991
12 595 1.1236
12 608 1.28792
12 728 1.13145
12 735 1.12686
12 750 1.11664
12 759 1.35748
12 778 1.62724
12 800 1.13231
12 858 1.35081
12 866 1.13686
12 899 4.87823
12 903 4.87615
12 904 4.90044
12 912 4.89351
12 916 4.8417
12 926 4.87855
12 940 3.17867
12 953 4.88329
12 969 1.5392
12 994 4.86097
12 1023 4.90437
12 1036 1.12746
12 1041 4.88898
12 1059 4.90778
12 1060 2.31167
12 1079 1.11682
12 1080 2.0857
12 1086 1.0985
12 1089 4.91982
12 1111 1.20288
12 1120 1.08085
12 1132 2.17821
12 1136 1.19969
12 1147 4.78038
12 1148 1.13235
12 1172 4.88872
12 1177 4.91558
12 1184 4.93053
12 1185 4.87472
12 1192 4.9228
12 1193 4.90644
12 1196 4.93155
12 1197 4.9118
12 1198 4.87298
12 1199 4.877
12 1206 4.90736
12 1207 4.89833
12 1208 4.88607
12 1211 4.93636
12 1213 4.8622
12 1214 4.79877
12 1216 4.87923
12 1217 4.93404
12 1219 4.9117
12 1221 4.8066
12 1224 4.74203
12 1225 4.91954
12 1230 4.85726
12 1233 4.93448
12 1234 4.82354
12 1240 4.88591
12 1242 4.86433
12 1245 4.89219
12 1246 4.8508
12 1263 3.2627
12 1264 4.86586
12 1270 4.91149
12 1273 4.84821
12 1277 4.79057
12 1279 4.871
12 1280 1.15148
12 1285 1.69968
12 1289 1.11204
12 1291 1.10417
12 1293 4.83825
12 1299 1.10835
12 1354 2.50269
12 1356 1.18539
12 1357 4.88312
12 1358 1.12188
12 1394 1.11692
12 1449 1.11904
12 1499 1.05524
12 1517 1.19299
12 1537 1.1092
12 1545 1.14192
12 1552 1.107
12 1584 1.10478
12 1587 4.83443
12 1610 1.14268
12 1617 4.92339
12 1625 1.11302
12 1635 1.09602
12 1639 2.97833
12 1641 1.13518
12 1643 3.57294
12 1648 1.22691
12 1658 1.09744
12 1672 1.12472
12 1673 4.94736
12 1674 1.11356
12 1678 1.11472
12 1682 1.13084
12 1683 1.11221
12 1684 4.94388
12 1701 1.09095
12 1704 1.1146
12 1719 1.09429
12 1721 1.1069
12 1730 1.04859
12 1784 2.89557
12 1794 1.08112
12 1799 1.13679
12 1834 4.89177
12 1836 1.08465
12 1883 3.27698
12 1892 1.11501
12 1914 1.1229
12 1923 4.84799
12 1952 1.13449
12 1954 1.11754
12 1957 1.11127
12 1960 1.11193
12 1961 1.22151
12 1962 1.13327
12 2020 4.97288
12 2028 1.13024
12 2064 1.26776
12 2081 1.12767
12 2095 1.4929
12 2108 1.12164
12 2136 1.41304
12 2144 1.15847
12 2150 1.00466
12 2160 4.87646
12 2174 1.14459
12 2193 1.22256
12 2194 1.13148
12 2243 1.06406
12 2248 1.61071
12 2252 1.09348
12 2263 1.20037
12 2266 4.56113
12 2268 4.66993
12 2291 1.12937
12 2294 1.11899
12 2302 1.13044
12 2312 4.93687
12 2331 1.84224
12 2333 1.1266
12 2348 1.22591
12 2355 2.12412
12 2363 1.09773
12 2391 4.9666
12 2394 1.13612
12 2416 2.12535
12 2419 4.89507
12 2431 1.12637
12 2520 1.15398
12 2542 1.12299
12 2571 1.13462
12 2572 1.12779
12 2580 4.76104
12 2628 1.27669
12 2657 1.11527
12 2692 3.8851
12 2702 1.11751
12 2716 1.1546
12 2739 1.22265
12 2762 1.10633
12 2791 1.10463
12 2797 1.07594
12 2840 4.89092
12 2841 4.34531
12 2858 1.11774
12 2871 1.15127
12 2916 4.91028
12 2985 1.12674
12 2987 4.8798
12 2997 1.08108
12 3052 3.37622
12 3077 1.12064
12 3079 1.76758
12 3100 1.12725
12 4424 2.84301
14 293 3
14 318 4
14 2571 3
14 2959 4
15 6 4.2815
15 107 1.08597
15 135 1.47476
15 260 4.46434
15 293 1.29232
15 296 3.1791
15 348 1.34833
15 349 0.975501
15 362 1.44255
15 441 0.982736
15 531 4.57512
15 541 1.08264
15 555 1.43379
15 589 1.41262
15 599 0.5
15 608 1.19625
15 733 3.87664
15 745 1.12605
15 750 1.02549
15 778 1.36486
15 838 1.07373
15 969 1.45719
15 1036 1.00191
15 1079 1.04294
15 1080 3.43002
15 1093 1.0162
15 1148 0.929802
15 1188 4.07082
15 1196 3.9926
15 1197 3.84383
15 1198 4.33198
15 1200 4.18111
15 1201 4.29807
15 1208 4.15411
15 1209 3.55163
15 1214 3.56956
15 1220 3.36938
15 1223 4.20831
15 1233 2.76298
15 1234 3.78052
15 1240 3.92599
15 1249 4.08446
15 1261 3.94856
15 1262 3.068
15 1265 3.82802
15 1272 2.47779
15 1278 3.44746
15 1287 1.53433
15 1291 1
15 1303 1.38622
15 1304 0.943141
15 1321 3.89909
15 1378 1.05957
15 1387 4.15407
15 1394 0.981865
15 1396 1.17603
15 1408 4.03631
15 1527 2.87689
15 1580 2.49638
15 1610 1.04726
15 1732 3.98273
15 1784 3.50128
15 1831 2.17516
15 1884 3.99674
15 1953 0.973265
15 1954 1.0142
15 1960 1.03985
15 2028 1.61292
15 2072 0.947057
15 2108 0.912325
15 2194 2.69533
15 2300 0.997225
15 2401 2.49554
15 2502 4.18793
15 2529 3.36363
15 2542 1.1338
15 2571 0.927806
15 2692 2.06847
15 2716 0.952431
15 2728 1.04024
15 2797 1.09378
15 2871 2.41731
15 2918 1.62999
15 2944 1.11317
15 2947 2.63555
15 2951 1.471
15 2959 4.55247
15 2997 1.86688
15 3030 2.19653
15 3037 1.72139
15 3066 1.25199
15 3112 1.04581
15 3252 2.60631
15 3265 3.18604
15 3267 1.05137
15 3275 4.47604
15 3361 4.58101
15 3362 2.19761
15 3384 4.22968
15 3481 1.59151
15 3504 0.991233
15 3507 0.978698
15 3508 1.05508
15 3527 1.12441
15 3555 2.13993
15 3578 1.36397
15 3654 1.039
15 3671 1.94982
15 3681 2.11751
15 3703 1.79226
15 3836 3.954
15 3868 1.42672
15 3996 2.91814
15 4011 4.43088
15 4027 3.06621
15 4262 0.93029
15 4327 0.979416
15 4855 1.06352
15 4881 1.6412
15 4886 1.13148
15 4973 1.33485
15 4979 4.44633
15 5010 1.03206
15 5060 0.962602
15 5418 0.938789
15 5445 1.25532
15 5782 1.05425
15 5899 0.904557
15 5903 0.904026
15 6016 1.12242
15 6377 1.14854
15 6448 1.79637
15 6502 1.92443
15 6711 1.68912
15 6807 1.11233
15 6808 1.62834
15 6874 3.91541
15 6893 3.77523
15 6947 3.18567
15 7022 3.77687
15 7076 1.15725
15 7090 2.07734
15 7143 3.76047
15 7438 0.986884
15 7445 1.55319
15 7802 4.43261
15 7980 2.91035
15 8132 1.05652
15 8169 2.41232
15 8665 1.66427
15 8798 1.99142
15 8874 0.968608
15 8949 2.56407
15 8961 3.58097
15 26172 4.55933
15 26614 3.99933
15 27728 1.23733
15 27831 2
15 27869 1.75307
15 31878 2.66204
15 32587 1.19344
15 33794 2.91667
15 34405 1.55321
15 36529 1.23312
15 37731 2.75
15 37733 1.51278
15 38038 2.24445
15 38061 2.66667
15 39381 3.93922
15 41997 2.75
15 44191 5
15 44195 1.5
15 45517 4
16 32 4.50129
16 50 4.4961
16 111 2.36791
16 198 3.87302
16 260 4.70246
16 296 4.76748
16 316 4.52069
16 318 2.61543
16 380 2.70757
16 480 4.49533
16 541 2.38761
16 589 2.5985
16 593 2.40021
16 924 4.6483
16 968 3.77529
16 1036 2.33191
16 1080 2.82546
16 1089 4.52755
16 1129 2.57397
16 1136 2.31665
16 1196 4.50356
16 1198 4.51074
16 1200 4.57943
16 1206 3.80595
16 1208 4.5738
16 1210 4.2509
16 1214 4.55734
16 1220 4.52038
16 1222 4.54926
16 1240 4.54135
16 1241 4.66481
16 1255 4.56043
16 1261 4.52538
16 1270 4.49644
16 1288 2.09805
16 1291 3
16 1320 2.89933
16 1321 4.66559
16 1527 2.84091
16 1580 3.92721
16 1653 2.54226
16 1676 2.39067
16 1682 2.78659
16 1690 4.598
16 1732 3.33198
16 1884 4.28161
16 1982 4.53831
16 2105 4.6811
16 2174 2.27058
16 2193 4.71596
16 2288 4.10043
16 2329 2.39058
16 2455 2.86922
16 2528 4.5052
16 2571 2.35893
16 2662 2.65272
16 2791 2.32816
16 2858 2.40583
16 2916 4.52013
16 2959 4.43249
16 2985 2.70897
16 2997 2.42848
16 3018 2.28884
16 3033 2.92548
16 3147 4.58455
16 3156 4.07602
16 3275 4.68716
16 3300 4.62108
16 3527 2.37979
16 3698 4.66413
16 3702 2.47897
16 3703 2.40604
16 3704 4.51139
16 3868 2.2968
16 3917 4.67872
16 4011 4.60806
16 4226 2.61074
16 4239 4.81326
16 4262 2.38492
16 4553 4.74242
16 4878 2.63586
16 4975 4.76055
16 4995 2.37048
16 5254 4.13579
16 5445 3.35198
16 5669 2.55396
16 5853 2.55774
16 5903 2.33832
16 5989 2.82454
16 6016 2.40344
16 6502 4.36303
16 6537 3.26601
16 6731 2.412
16 7153 4.6745
16 7202 2.33966
16 7387 3.66127
16 7984 2.40109
16 8464 2.22284
16 8501 4.19066
16 8622 3.59004
16 8644 3.60387
16 8861 2.38039
16 8985 2.60191
16 26558 3.09925
16 27846 2.34438
16 34292 4.66667
16 34405 2.84811
16 37386 4.14421
16 42738 2.3784
17 356 3
17 593 4
17 597 4
17 1089 4
17 1753 3
17 2109 3
17 3210 4
17 3987 4
17 4020 3
17 4023 3
17 4143 4
17 4149 3
17 4155 3
17 4159 4
17 4161 4
17 4226 3
17 4228 3
17 4239 3
17 4247 3
17 4265 3
17 4270 3
17 4310 4
17 4718 3
17 4745 3
20 1 4.53388
20 39 3.03606
20 150 3.03747
20 161 4.77678
20 216 2.64749
20 260 3.52721
20 296 5.16785
20 344 4.47036
20 345 4.58469
20 364 2.67874
20 367 2.64135
20 370 4.4876
20 410 2.57937
20 480 3.93453
20 520 4.94939
20 551 2.58729
20 588 4.52662
20 595 2.35349
20 741 3.6204
20 780 4.46214
20 858 2.14826
20 899 4.45515
20 908 4.60784
20 911 4.29312
20 912 4.6655
20 915 4.71008
20 919 4.82156
20 920 4.79143
20 936 3.35328
20 946 4.87413
20 1025 2.77399
20 1028 4.27166
20 1031 4.85095
20 1080 2.52613
20 1136 3.21995
20 1148 3.15832
20 1196 4.64109
20 1197 4.52531
20 1210 4.43659
20 1220 4.78232
20 1221 4.81081
20 1230 4.46327
20 1234 4.36952
20 1265 4.63979
20 1270 4.04091
20 1422 3.54413
20 1485 2.83705
20 1517 3.6639
20 1527 3.47344
20 1566 2.17887
20 1573 2.67766
20 1580 5.18456
20 1588 2.63365
20 1617 4.66946
20 1682 2.78197
20 1688 2.70865
20 1701 2.77428
20 1704 2.65273
20 1732 1.87424
20 1907 3.17098
20 2010 2.62834
20 2078 4.64764
20 2081 2.7086
20 2087 2.67488
20 2089 4.44906
20 2124 4.62628
20 2141 3.05911
20 2174 2.54744
20 2291 2.98433
20 2294 2.80549
20 2325 2.70751
20 2355 4.84881
20 2394 3.01004
20 2571 2.73216
20 2617 2.5662
20 2628 2.93947
20 2657 2.98133
20 2687 2.36857
20 2700 3.67539
20 2701 4.50113
20 2716 2.54967
20 2746 3.51361
20 2843 4.69444
20 2959 4.38096
20 2987 4.51272
20 3000 4.36419
20 3033 3.86342
20 3034 3.32752
20 3114 2.71757
20 3147 4.88031
20 3159 5.0291
20 3176 5.05708
20 3408 2.39437
20 3462 4.60888
20 3481 3.54326
20 3671 3.39907
20 3751 2.61357
20 3752 2.3885
20 3793 2.66953
20 3869 2.80914
20 4016 2.69192
20 4027 4.6519
20 4223 2.35317
20 4246 4.11697
20 4270 4.14984
20 4306 4.5613
20 4728 2.74389
20 4754 4.51341
20 4881 2.79103
20 4886 2.79159
20 4896 2.69164
20 4963 3.27744
20 4973 1.96177
20 4979 4.98004
20 4993 4.32359
20 5218 2.70647
20 5299 2.14074
20 5349 2.62251
20 5378 4.04356
20 5459 2.31488
20 5481 2.41308
20 5618 2.34273
20 5669 2.50938
20 5816 2.90304
20 5902 2.97379
20 5952 3.12884
20 5971 4.23518
20 5989 2.79696
20 6283 3.08541
20 6365 2.86526
20 6377 2.69561
20 6440 2.4676
20 6539 4.58335
20 6579 2.92406
20 6584 4.8214
20 6662 4.39042
20 6711 3.01399
20 6874 4.55982
20 6993 3.16447
20 7034 2.21659
20 7153 4.19523
20 7323 4.52042
20 7361 3.61837
20 7367 3.63463
20 7373 4.22804
20 7438 2.79002
20 7762 2.51295
20 8360 4.96658
20 8368 4.18687
20 8464 3.37967
20 8622 3.46443
20 26491 2.74341
20 27800 4.0865
20 30793 4.39284
20 31878 2.12088
20 32587 2.73229
20 33493 2.82867
20 33794 2.35714
20 34048 3.7558
20 40815 3.70885
21 519 4.29284
21 1645 3.51188
21 2006 3.47571
21 2087 3.48276
21 2136 3.70206
21 2380 4.57509
21 2402 3.5564
21 2533 3.48376
21 2687 3.54827
21 2826 3.66956
21 3006 3.83538
21 3703 3.3391
21 4643 4.57484
21 5418 3.42494
21 6383 3.18454
21 31696 3.5
21 33166 4.5
21 33794 4.5
22 48 4.5
22 110 1
22 163 4.5
22 172 4.5
22 260 1
22 282 4.5
22 342 4.5
22 356 4.5
22 370 1
22 457 4.5
22 466 1
22 543 4.5
22 552 1
22 1380 1
22 1396 4.5
22 1485 4.5
22 1610 4.5
22 2054 4.5
22 2194 4.5
22 2268 4.5
22 2406 4.5
22 2502 4.5
22 2571 4.5
22 2640 4.5
22 2657 4.5
22 2683 1
22 2706 4.5
22 2716 4.5
22 2858 4.5
22 2890 4.5
22 2916 1
22 3114 4.5
22 3751 4.5
22 3753 1
22 3897 1
22 4993 4.5
22 5445 1
22 5952 4.5
24 1 4.20874
24 2 1.53849
24 6 4.18983
24 16 4.28168
24 17 4.14282
24 21 4.29732
24 25 4.40281
24 26 4.14244
24 32 4.27554
24 34 2.07152
24 36 4.3303
24 39 2.4759
24 45 3.40209
24 47 4.26241
24 50 4.28823
24 52 4.65878
24 57 2.80644
24 58 4.53787
24 62 2.81443
24 73 4.00626
24 86 1.56848
24 101 1.75957
24 104 1.53766
24 110 4.48335
24 111 1.33315
24 112 1.6388
24 147 1.92363
24 162 3.43941
24 164 2.04431
24 175 4.49331
24 176 1.82575
24 194 1.65706
24 198 4.2002
24 232 1.72995
24 233 4.62083
24 235 1.60293
24 246 1.72604
24 260 4.09188
24 261 3.64698
24 265 1.67487
24 266 3.08732
24 293 1.74306
24 296 4.34412
24 299 3.10434
24 300 4.16837
24 307 4.31184
24 317 4.44627
24 318 2.60379
24 319 4.3473
24 322 1.746
24 337 1.68925
24 349 2.07348
24 352 1.72146
24 356 1.92536
24 367 1.69885
24 372 3.12963
24 377 1.46382
24 383 1.63769
24 388 1.74606
24 412 1.72171
24 416 1.7458
24 417 1.72941
24 428 4.23002
24 431 1.61995
24 440 3.10186
24 441 1.68828
24 443 4.59506
24 446 3.03947
24 448 1.8551
24 454 4.06164
24 457 1.74941
24 471 4.04779
24 480 4.56544
24 481 1.73954
24 482 1.73385
24 497 1.37136
24 507 1.71825
24 508 1.92255
24 524 4.2217
24 527 2.14184
24 541 1.73871
24 550 4.08633
24 553 4.62692
24 555 2.22683
24 562 1.61845
24 574 1.54187
24 587 4.55177
24 588 4.2528
24 589 3.71142
24 590 3.73914
24 592 1.82354
24 593 4.39797
24 595 1.64794
24 597 3.97701
24 608 2.4369
24 648 1.96876
24 714 1.7968
24 728 2.21693
24 733 4.47579
24 778 2.64581
24 781 2.36307
24 785 1.52191
24 788 4.43233
24 832 4.14726
24 838 1.53718
24 852 1.7357
24 858 1.99851
24 904 4.33977
24 924 3.96129
24 986 1.79717
24 994 4.11261
24 1036 1.76539
24 1042 4.12223
24 1054 1.82762
24 1060 2.9699
24 1073 4.6731
24 1079 1.62879
24 1080 2.42144
24 1084 1.799
24 1088 2.05766
24 1089 4.70114
24 1090 1.80619
24 1091 1.71702
24 1094 2.38779
24 1097 1.73914
24 1101 4.4698
24 1120 1.98227
24 1125 4.50361
24 1127 3.17697
24 1136 2.21575
24 1147 4.31907
24 1179 4.46638
24 1185 4.13571
24 1186 4.703
24 1188 4.34132
24 1191 4.27267
24 1193 4.26816
24 1196 4.46574
24 1197 4.32296
24 1198 4.53266
24 1200 4.37806
24 1201 4.05182
24 1204 4.6898
24 1207 4.34751
24 1208 4.33524
24 1210 4.32396
24 1213 4.1424
24 1214 4.33226
24 1219 4.34785
24 1220 4.53784
24 1221 4.41431
24 1222 4.38476
24 1225 4.58978
24 1228 3.54048
24 1230 4.20166
24 1231 4.411
24 1233 4.53669
24 1235 4.22072
24 1240 4.4681
24 1242 4.23239
24 1243 4.25937
24 1245 4.21844
24 1246 4.51842
24 1247 4.35521
24 1249 4.33547
24 1257 4.41205
24 1258 4.50492
24 1259 3.17142
24 1265 4.43104
24 1266 4.30821
24 1268 4.48862
24 1270 4.3278
24 1271 4.36133
24 1272 4.75012
24 1275 4.24873
24 1276 4.32064
24 1287 2.65536
24 1288 2.34976
24 1291 1.62211
24 1293 4.31226
24 1297 1.80382
24 1298 1.7876
24 1300 1.83163
24 1302 1.79925
24 1304 1.95892
24 1305 4.52566
24 1307 1.77082
24 1323 1.78391
24 1326 1.66293
24 1347 1.80296
24 1354 3.85664
24 1357 4.3102
24 1358 1.73188
24 1370 2.56228
24 1373 1.71519
24 1375 1.78209
24 1376 3.92473
24 1378 1.55737
24 1381 4.59528
24 1387 4.63015
24 1389 1.63419
24 1393 1.80443
24 1394 1.70674
24 1408 2.34597
24 1441 1.49002
24 1446 1.39543
24 1447 3.77384
24 1449 1.73892
24 1466 2.35956
24 1488 3.54593
24 1500 1.58048
24 1527 1.93943
24 1542 1.66641
24 1580 4.25568
24 1587 4.33766
24 1594 1.88343
24 1600 2.71933
24 1610 1.53093
24 1611 1.66466
24 1617 4.48015
24 1619 1.33808
24 1649 1.73147
24 1653 2.01849
24 1673 4.4777
24 1674 2.1162
24 1704 1.68862
24 1721 1.89072
24 1729 1.68797
24 1735 1.73648
24 1747 1.76019
24 1777 1.6917
24 1784 3.48546
24 1797 2.8299
24 1805 1.70037
24 1810 1.48572
24 1836 1.42533
24 1840 2.29739
24 1848 1.40108
24 1873 4.37689
24 1894 1.77816
24 1895 1.73147
24 1912 4.18151
24 1914 1.75457
24 1921 1.87356
24 1923 4.12419
24 1947 3.35407
24 1952 1.77116
24 1954 1.72141
24 1956 1.73572
24 1958 1.75117
24 1959 1.77664
24 1960 1.71279
24 1961 1.7737
24 1962 1.94659
24 1963 2.41043
24 1968 1.72273
24 1969 1.72353
24 1970 1.73423
24 1972 1.64493
24 1974 1.9102
24 1976 3.50676
24 1977 1.64751
24 1978 1.65062
24 1979 4.64593
24 1980 1.68338
24 1981 2.03019
24 1982 4.56565
24 1983 4.55189
24 1984 4.53806
24 1985 4.37428
24 1986 4.41319
24 1989 4.29486
24 1994 4.67131
24 1995 3.05687
24 1996 4.40407
24 2000 1.63754
24 2001 4.32657
24 2003 2.49317
24 2005 4.37733
24 2006 1.76017
24 2011 1.89306
24 2012 1.74589
24 2021 2.13595
24 2028 2.20122
24 2050 4.63495
24 2054 1.61929
24 2058 4.13392
24 2064 2.08092
24 2065 1.64537
24 2072 1.67988
24 2100 4.53972
24 2105 4.2355
24 2106 1.78648
24 2108 1.67462
24 2109 2.42282
24 2115 2.84079
24 2121 4.46801
24 2122 4.34448
24 2144 1.67171
24 2145 3.64826
24 2146 2.30766
24 2147 1.67256
24 2150 1.92914
24 2151 1.94219
24 2161 1.88318
24 2162 1.59314
24 2166 1.62834
24 2174 1.62253
24 2193 3.6995
24 2194 1.96042
24 2245 1.71677
24 2247 4.4622
24 2248 2.25548
24 2253 4.28435
24 2259 4.50615
24 2261 4.52612
24 2268 3.85043
24 2273 1.49352
24 2282 1.72503
24 2289 1.63954
24 2291 1.62313
24 2294 1.65205
24 2295 1.62269
24 2301 1.76182
24 2302 1.72834
24 2305 1.81559
24 2320 3.86607
24 2321 1.68083
24 2324 1.52088
24 2329 1.73033
24 2331 2.49123
24 2333 1.604
24 2336 2.22101
24 2348 1.50204
24 2352 1.89478
24 2355 2.39208
24 2368 1.77068
24 2369 1.78806
24 2371 3.22974
24 2372 4.1185
24 2375 1.77584
24 2376 2.23046
24 2378 1.78957
24 2379 1.70175
24 2380 2.07142
24 2381 1.90859
24 2382 1.77572
24 2383 1.98885
24 2394 1.8843
24 2395 1.50429
24 2396 1.73087
24 2402 1.63908
24 2403 1.44205
24 2404 1.74862
24 2405 4.44606
24 2406 1.8665
24 2408 1.67146
24 2410 3.68847
24 2411 4.00186
24 2413 1.59184
24 2416 3.32213
24 2420 3.96481
24 2422 1.74738
24 2423 1.49484
24 2427 1.57519
24 2435 1.8225
24 2450 1.78565
24 2457 1.69711
24 2460 1.34347
24 2468 3.89637
24 2469 1.79712
24 2470 2.93924
24 2471 2.18313
24 2474 4.13732
24 2478 1.48515
24 2513 4.21183
24 2517 1.89754
24 2539 1.45191
24 2542 1.77619
24 2571 1.73457
24 2572 1.96835
24 2581 1.95731
24 2596 2.42659
24 2599 1.37801
24 2600 1.96969
24 2615 1.67427
24 2640 1.63741
24 2641 4.34294
24 2642 4.55736
24 2643 1.9089
24 2657 1.64061
24 2671 1.73207
24 2677 4.31062
24 2686 1.77352
24 2687 1.82798
24 2692 3.01121
24 2701 3.13054
24 2702 1.73511
24 2706 1.69242
24 2716 1.81116
24 2717 3.06876
24 2734 1.80193
24 2735 4.3424
24 2739 1.95196
24 2743 1.69638
24 2745 1.59034
24 2746 2.25119
24 2749 2.33158
24 2754 2.32579
24 2758 1.71013
24 2762 1.65683
24 2770 1.6736
24 2771 1.79046
24 2772 1.87994
24 2791 1.569
24 2792 1.67786
24 2794 1.81931
24 2795 1.77649
24 2797 1.62319
24 2815 1.88406
24 2816 1.83452
24 2819 1.7474
24 2858 1.59052
24 2871 1.97509
24 2878 1.43935
24 2890 1.71651
24 2891 1.83145
24 2902 1.70698
24 2903 4.16484
24 2908 1.67282
24 2915 2.81139
24 2916 4.383
24 2917 1.73618
24 2918 3.76018
24 2926 3.41115
24 2928 3.50312
24 2942 1.796
24 2947 2.41069
24 2950 4.21902
24 2952 4.26765
24 2959 4.27724
24 2966 1.76416
24 2968 1.59663
24 2976 3.45899
24 2985 2.01547
24 2987 4.55202
24 2989 4.06821
24 2990 4.32739
24 2991 3.49625
24 2997 1.5033
24 3006 4.50568
24 3014 1.93401
24 3017 4.24719
24 3019 4.25644
24 3033 3.3038
24 3040 4.2559
24 3041 1.74499
24 3042 1.6551
24 3052 3.90687
24 3060 2.69499
24 3071 1.54761
24 3072 1.64609
24 3074 4.23948
24 3081 1.74035
24 3087 2.37563
24 3098 2.27465
24 3100 1.74873
24 3101 4.30358
24 3102 2.25193
24 3105 1.78309
24 3108 3.26933
24 3114 1.60467
24 3129 2.39592
24 3135 2.78264
24 3142 1.52815
24 3147 3.90763
24 3148 2.77688
24 3157 2.24606
24 3160 3.70203
24 3168 4.20445
24 3169 1.71804
24 3174 1.42438
24 3175 4.50883
24 3177 4.37316
24 3178 1.59604
24 3182 4.41128
24 3186 4.26495
24 3197 3.62889
24 3198 2.0596
24 3206 1.67536
24 3210 3.85563
24 3250 1.80994
24 3252 2.32242
24 3253 4.18876
24 3255 1.79633
24 3256 4.66224
24 3259 2.08761
24 3267 1.63848
24 3270 1.84536
24 3271 3.0625
24 3273 4.40893
24 3276 4.33382
24 3285 4.11159
24 3286 2.26906
24 3298 4.47404
24 3300 4.14919
24 3301 1.79598
24 3317 1.77768
24 3324 2.78035
24 3328 1.61899
24 3347 1.69811
24 3360 3.78552
24 3361 4.22589
24 3363 2.04644
24 3386 3.78056
24 3387 1.40391
24 3388 4.41222
24 3391 1.84094
24 3394 4.46567
24 3396 1.67811
24 3398 1.82835
24 3408 1.454
24 3412 1.75406
24 3418 1.87883
24 3421 1.60632
24 3422 3.68368
24 3423 1.77395
24 3424 3.29257
24 3431 1.46349
24 3438 4.3233
24 3441 3.15753
24 3448 1.42977
24 3450 4.58681
24 3452 2.45491
24 3476 1.56961
24 3478 2.05703
24 3479 1.93494
24 3481 1.72659
24 3484 1.73352
24 3489 3.90024
24 3498 2.20759
24 3499 2.13262
24 3502 1.92965
24 3505 1.73028
24 3510 3.59162
24 3512 3.40072
24 3524 4.58925
24 3526 1.55153
24 3527 1.73567
24 3534 1.55613
24 3543 4.12019
24 3552 3.23509
24 3555 2.82059
24 3556 3.90686
24 3578 1.73589
24 3591 4.42532
24 3593 4.13453
24 3608 1.67161
24 3614 4.13716
24 3617 4.34597
24 3618 1.74864
24 3623 1.67788
24 3624 4.47932
24 3635 4.51793
24 3646 4.38434
24 3653 4.41793
24 3671 2.73004
24 3682 2.9558
24 3683 2.26042
24 3688 1.87047
24 3689 2.34682
24 3690 2.10299
24 3695 1.61811
24 3698 4.59255
24 3699 4.57831
24 3702 1.64867
24 3703 1.95738
24 3704 3.38165
24 3707 1.82595
24 3708 1.73394
24 3717 1.7757
24 3745 1.70889
24 3751 1.69599
24 3753 3.31963
24 3755 1.78818
24 3768 4.74179
24 3785 2.00857
24 3793 1.81951
24 3809 2.2499
24 3844 2.86201
24 3861 1.68307
24 3868 2.23874
24 3897 4.4998
24 3911 1.64518
24 3939 1.75253
24 3941 4.14454
24 3961 1.73531
24 3962 1.65667
24 3969 4.45775
24 3984 2.2928
24 3985 3.73664
24 3991 3.82965
24 3999 1.60011
24 4002 1.8471
24 4003 4.28683
24 4005 2.67444
24 4007 1.63256
24 4008 1.73735
24 4010 4.16448
24 4019 3.29261
24 4022 2.70971
24 4031 1.70919
24 4034 1.81093
24 4039 1.79789
24 4041 1.72711
24 4047 2.10948
24 4062 1.74777
24 4066 1.71691
24 4067 1.71927
24 4084 2.11451
24 4085 2.0528
24 4086 4.26711
24 4091 4.17505
24 4100 1.7321
24 4102 3.38604
24 4103 3.77213
24 4104 1.90453
24 4109 2.14875
24 4111 1.68145
24 4124 4.59379
24 4125 4.41128
24 4126 4.55703
24 4128 4.20052
24 4132 1.74851
27 1 4.56096
27 32 4.48116
27 47 4.52122
27 50 4.55439
27 69 4.52357
27 111 0.850596
27 175 4.55035
27 260 4.63851
27 318 0.860794
27 356 1.02424
27 457 0.973348
27 541 0.949406
27 588 4.57306
27 589 4.0541
27 590 3.92416
27 593 4.25893
27 608 1.53046
27 858 1.22857
27 904 4.68751
27 912 4.69804
27 919 4.7461
27 1089 4.63359
27 1103 4.66385
27 1196 4.72224
27 1197 4.56747
27 1198 4.61129
27 1207 4.65202
27 1210 4.53593
27 1213 4.58239
27 1221 4.736
27 1243 4.48272
27 1258 4.44086
27 1259 2.37902
27 1267 4.67134
27 1270 4.44358
27 1304 0.811287
27 1441 0.858667
27 1653 0.67859
27 1834 4.4511
27 1968 0.941538
27 1997 1.0593
27 2115 2.04485
27 2139 1.95562
27 2174 0.874398
27 2291 0.864203
27 2450 0.911354
27 2495 3.7603
27 2502 4.52609
27 2528 4.70622
27 2571 0.957534
27 2628 1.23133
27 2640 0.909139
27 2700 4.00396
27 2762 0.938564
27 2791 0.846187
27 2792 0.951213
27 2795 0.835022
27 2797 0.894206
27 2804 0.924002
27 2870 0.879227
27 2916 4.53712
27 2959 4.43161
27 3052 2.14123
27 3060 1.18363
27 3087 1.5094
27 3088 0.896837
27 3098 2.05974
27 3481 0.947081
27 4002 0.922051
27 5353 0.919999
27 5502 4.73335
27 6377 0.942741
27 6612 0.943052
27 8464 2.9303
27 8622 4.22062
27 8874 2.06996
27 33493 0.974887
28 50 4.41853
28 260 4.54614
28 318 2.47518
28 527 3.21992
28 858 2.8461
28 1196 4.59425
28 1198 4.47974
28 1221 4.53087
28 1515 2.54138
28 2571 2.57973
28 2641 4.02362
28 2959 4.35303
28 3440 2.56485
28 4226 2.80742
28 4799 2.60176
28 8866 4.4774
28 35957 2.6
28 36708 4.33333
28 37727 3.09581
28 43930 4.4
29 17 1
29 110 1
29 236 5
29 296 5
29 342 5
29 369 5
29 454 1
29 506 1
29 527 5
29 778 5
29 899 1
29 914 1
29 934 1
29 1029 1
29 1051 5
29 1172 1
29 1188 1
29 1196 1
29 1197 1
29 1247 1
29 1265 1
29 1267 5
29 1307 5
29 1688 5
29 1693 5
29 1944 5
29 2065 5
29 2071 5
29 2134 1
29 2248 5
29 2331 1
29 2371 5
29 2396 5
29 2413 5
29 2572 5
29 2746 5
29 3007 5
29 3072 5
29 3108 5
29 3210 5
29 3436 5
29 3479 5
29 3844 1
29 4010 1
29 4306 5
29 4359 5
29 4678 1
29 4713 5
29 5218 5
29 5309 1
29 5349 5
29 5378 5
29 5445 1
29 5459 5
29 5646 1
29 5952 5
30 24 2.92414
30 32 3.8613
30 50 3.84153
30 110 4.17726
30 111 2.48245
30 235 2.95541
30 260 3.88787
30 296 4.79643
30 318 3.34631
30 379 3.05847
30 405 2.85939
30 450 3.28622
30 480 4.30157
30 497 2.46592
30 527 2.72773
30 541 3.14264
30 593 4.29297
30 608 2.82374
30 707 2.57059
30 780 3.76587
30 788 4.47086
30 848 5.3387
30 858 3.33141
30 923 2.9503
30 1093 3.05401
30 1179 4.12703
30 1196 4.08569
30 1198 4.28622
30 1204 4.67802
30 1210 4.72923
30 1219 3.59585
30 1225 4.36006
30 1250 3.82014
30 1265 4.21122
30 1284 3.23207
30 1343 3.03228
30 1356 3.55582
30 1387 4.74996
30 1527 3.86985
30 1573 3.28994
30 1580 4.19755
30 1617 4.18076
30 1659 3.25105
30 1674 3.22027
30 1676 2.58965
30 1704 3.13729
30 1721 3.40113
30 1799 3.07316
30 1831 4.56219
30 1876 3.74915
30 1898 3.26634
30 1914 3.24823
30 1917 3.10649
30 2028 3.43269
30 2094 4.27153
30 2126 4.49066
30 2188 3.40476
30 2266 4.51062
30 2316 3.05599
30 2333 2.93081
30 2336 3.36612
30 2355 3.90825
30 2396 3.24839
30 2492 5.05251
30 2502 4.47289
30 2518 3.83883
30 2539 2.73132
30 2541 4.78183
30 2567 3.10638
30 2571 3.21437
30 2581 3.23881
30 2598 4.80306
30 2599 2.63038
30 2600 3.93448
30 2605 3.5922
30 2628 3.46657
30 2644 3.74063
30 2690 2.74549
30 2706 3.11887
30 2707 4.0706
30 2712 3.0871
30 2716 3.30023
30 2723 3.23709
30 2762 3.10097
30 2763 4.6631
30 2806 3.9784
30 2826 3.53017
30 2827 3.7249
30 2829 2.44774
30 2840 4.1551
30 2858 2.9166
30 2866 3.04159
30 2881 3.22764
30 2916 4.03133
30 2959 3.80118
30 2997 2.78585
30 3005 4.61743
30 3062 3.55836
30 3114 2.71003
30 3147 4.79608
30 3148 3.47219
30 3185 2.9923
30 3219 4.49414
30 3225 4.3218
30 3269 3.11004
30 3298 4.17316
30 3354 2.23748
30 3408 2.31377
30 3481 3.2815
30 3498 3.57214
30 3510 3.41521
30 3516 2.70762
30 3578 3.18175
30 3624 4.11422
30 3703 3.58131
30 3753 2.8803
30 3791 3.27541
30 3841 4.50853
30 5649 3.2422
30 6184 2.93271
32 260 3.43549
32 527 3.12122
32 586 2.55567
32 589 2.44083
32 597 3.16525
32 736 2.5247
32 1036 2.64073
32 1196 3.89078
32 1198 4.27336
32 1210 2.93696
32 1270 3.02915
32 1527 4
32 1682 2.62966
32 2011 2.68425
32 2028 2.49599
32 2571 2.34831
32 2700 3.42524
32 2916 4.142
32 3082 4.40857
32 3578 2.98723
32 3623 2.45088
32 3751 2.46795
32 3793 2.6667
32 3977 2.42837
32 4306 2.87305
32 4886 2.67949
32 4993 4.23243
32 5219 2.05265
32 5254 3.99247
32 5378 2.7558
32 5445 2.00645
32 5944 3.72816
32 5952 2.71745
32 6539 4.13937
32 7153 4.00325
32 33493 3.33949
32 33794 2.125
32 40815 3.91951
33 10 7
33 19 7
33 34 1
33 39 7
33 43 1
33 110 1
33 150 1
33 153 7
33 161 7
33 165 7
33 185 7
33 208 7
33 231 7
33 235 7
33 246 7
33 253 7
33 288 1
33 292 7
33 296 7
33 300 1
33 306 1
33 307 1
33 316 1
33 318 7
33 329 7
33 337 1
33 344 7
33 349 7
33 353 1
33 356 7
33 364 7
33 367 7
33 370 1
33 377 1
33 380 7
33 410 7
33 434 7
33 454 1
33 457 7
33 466 1
33 480 1
33 494 1
33 588 1
33 589 1
33 592 1
33 595 7
33 780 7
34 1 4.17301
34 2 1.15321
34 6 4.15307
34 10 1.92464
34 16 4.2179
34 32 4.21439
34 34 1.24898
34 47 4.17775
34 50 4.19197
34 110 4.32943
34 111 1.03045
34 150 2.65376
34 153 4.19105
34 161 4.52338
34 165 1.24537
34 172 1.28645
34 173 1.26605
34 208 1.17389
34 231 3.58059
34 253 1.26389
34 260 4.2603
34 288 4.27432
34 293 1.31523
34 296 4.40877
34 316 4.1218
34 318 1.71856
34 329 1.2683
34 344 3.49876
34 353 3.97345
34 356 1.63123
34 364 1.2013
34 367 1.26365
