242007 1
138578 3
152562 3
170518 7
232131 7


185514 1
188010 1
187863 1
187410 1
187372 1
186924 1
186570 1
186042 1


138844 0
119575 0
120696 0
121251 0
123784 0
124207 0
125203 0
126492 0
133416 0
136010 0


116866 1
136010 1
185233 1
100227 1
101851 1
73056 1
242005 1
194124 1
240401 1
2033 1
116433 1
196108 1
56959 1
198012 1
196160 1
196886 1
105517 1
152354 1
208141 1
79441 1
173580 1
89406 1
177458 1
180378 1
91184 1
265313 1
16795 1
202212 1
148533 1
262186 1
146348 1
182969 1
252820 1
38273 1
196148 1
14456 1
168036 1
171118 0.998274
11676 0.874157
182334 0.707107

