9126
0
3.87247
3.40187
3.10833
2.38462
3.26786
3.88462
3.28302
3.8
3
3.45082
3.68902
2.86111
3.5
3.45161
2.31818
3.90449
3.92442
3.28846
2.59783
2.53846
3.5
3.35526
2.95652
3.04412
3.74257
4.1
2.75
4.08333
4.025
3.68182
3.10465
3.92347
3.60135
3.54545
3.9375
2
1.33333
3.55
3.35714
4.02174
2.33333
3.34615
2.69737
3.44318
2.71429
4.01485
2.92623
2.66667
4.34901
3.63725
1.66667
3.66667
2.85714
2.93333
4
2
2.82812
2.77778
3.68966
2.83333
2
2.025
2
3.5
3.65217
2.95918
2.125
3.16667
4.11538
2.875
3.125
2.66667
2.90909
2.85185
2.64286
3.25
3.8
3
2
3.61111
3.76471
1.25
2.8913
3.25
3.26923
2.22727
3.56818
3.17742
0.125
3.875
3
2.2
3.42857
3.66667
2.59091
4
3.29255
3.05102
3.46296
2
3.94518
4.18908
3.29592
2.28571
0.0652174
4.07143
3
2.8
3
3.8
3.05263
4
3
3.54545
2.45455
1.5
2.25
1
2.55556
3
0.5
3.33333
3.58065
3.32692
3.20455
3.25
3.64286
4
4.33333
3.9025
3.5625
2.875
2.78295
3.8125
3.05556
3.95455
2.11111
2.87069
3.9375
2.34127
3.83125
4.13636
3.51587
3.55769
3.44366
2
0.666667
3.11628
2.5625
3.16667
3.71429
2.57292
2.56429
1.8
3.79167
3.57895
2.88462
4.7
3.5
3.30682
1.8
2.5
3
3.10294
2.875
2.125
3.125
2
3.83333
1.875
2.31429
4.12
3.21429
2.80909
3.36364
2.5
1.33333
0.666667
3
3.04
2.90625
4
3.27273
3.375
2.75221
2.6
2.5
4.22222
3
3.72222
3.02381
2.375
3.125
3.4
1.5
3.93182
3.9633
3.6
3.17308
2.80556
1
3.26667
3.55769
3.09119
4.20833
4.26923
2.75
3.85443
3.35833
3.1
3
2.93333
2.83333
2.33333
3
0.666667
1.5
1.5
4.04098
3.65116
2.92857
3.375
2.6
0.5
3.06098
3.396
3
1.57143
2.57955
3.57692
2.29167
3.08333
4.20719
3.71569
3.85
3
0.9
3.87903
3.4863
2.53571
2.42857
2.75
3.22222
2.8
4
3.12963
2
2.8
2.86364
3.35714
2.14286
2.875
4.11364
3.65789
3.28409
3
0.166667
2.28571
3.33645
3.46429
3.9375
1.71429
3.30909
4.04135
1.42857
3
4.24308
3.52941
3.70879
0.5
3.25
3.1875
2.5
2.75
4.17188
4.14516
4.15909
5
2.57143
2.71429
3.94118
2.78261
3.36897
2.96429
4.47276
3.87179
2.75
3.64286
3.64286
2.5
1.5
4.07143
2.75
3.22222
3.32174
2.7
2.57143
2.90909
3.32
3.07143
2.25
0.25
3.79545
2.8
3.44059
3
4.5
3.4375
0.5
2.87143
3.75
2.57143
3.85714
3.9375
3.78696
3.32857
2.96429
2.9375
3.58955
1.75
2.20513
4.0424
3.68443
2.125
2.5
3.38
3.33871
3.75
3.7775
2.72727
3
3.07006
3.53521
3.05556
3.05224
3.25
3.05882
4.13889
2.1
2.2
3.35417
3.56667
3
3.11364
3.51515
3.03333
3.10526
3.11538
2.6
2.75
3.14286
0.4
4.1
2.25
2
1.75
0.137931
2.17647
2.77273
1.5
2.5
3.15068
3.54
2.14286
2.1875
2.83333
2.78571
3.61538
3
2.6
2.58621
3
3.35
3.16667
2.25
3.1
3.16667
2.26667
3.5625
2.55556
3.56061
2.65079
2.22222
3.08491
2.46364
2.2
2.75
3
0.0526316
3.56111
3.56579
2.96842
2.66667
3
3.11111
4
2
3.29167
2.33333
3.4375
3
4
2
3.47273
2.83871
3.33333
3.95305
3.75
2.33333
1.66667
2.35714
3
3.11111
2.91667
3.16949
2.5
3.30303
2.77778
2
3.87755
2.33333
0.75
3.8625
4.20968
1.33333
3.59375
2.6
3.7062
3.24242
2.85
2.75
2.75
2.88679
1.66667
2.33333
2.5
2.625
3.42857
3.28571
3.56818
3.16667
3.47541
3.8125
2.66667
3.98333
2.66667
0.00700935
3.46732
4.1
2.29412
3.2
2.71429
3.11111
3.5
3.6686
3.75
2.3
3
2.33333
2.14286
3.44444
3.95745
2.71429
2.91176
2.13636
2.21154
3.06154
3
2.83333
2.85714
3.55556
0.5
4.28571
1.66667
3.84783
3.45312
3.25
2.5
4.2
3.88462
2.25
2.77273
3.75
3.428
2.55263
4.0102
2.73684
3.34615
2.13636
1.73529
2.5
2.25
4.125
3.27273
3.65
3.14
3.48246
2
3.83099
3.65625
2.4
0.00757576
1.5
3.71667
0.5
1.5
1.8
2.66667
3.5
2.5
2
0.00151515
3.33333
3.57143
0.8
2.25
3.78947
0.0869565
3.07317
3.1124
3.3254
3.67442
4.00633
3.71782
3.39796
4.12459
3.66197
3.75
3.58333
3.36054
3.76667
1.33333
1.5
3.34211
2.35714
4.2567
2.9
3.34848
2.33333
2.66667
3.5
1
2.33333
3.46429
0.0015949
1.7
2.16667
3.33333
1
3.33333
3.88
1.16667
2.5
3
4
3.375
2.75862
0.666667
2.66667
3
3.62903
3.53274
3.1875
0.333333
3.06349
1.5
4.25
3.63208
2.54545
3.41176
2.33333
3.4
1.22222
4
2.375
4.0303
2.68
2.69048
3.83333
2
3.35714
0.00454545
2.5
1.2
2.45
0.00606061
2.9375
0.666667
2.85
2.66667
1.33333
3.33333
1
2.75
2.5
3
3
2.125
3.11111
3.40164
2.875
1
3.22222
3.25
2.66667
3
2.72857
4
0.00606061
2.66667
3.11111
2.375
3
3.96875
1.83333
3.73704
4.125
3.25
2.21875
4
2.35714
2.68182
4.12698
1
0.5
3.13043
4.16981
3.5
2.75
0.00607903
3
4
3.33333
0.3125
3.11111
2.46154
0.5
2.80556
4.22222
2
3
1
4.14113
2.625
3.48394
3
2.85714
3.35714
2.55085
3.33333
3.1087
4.5
3.08088
0.00606061
3.15385
3.22917
4.07143
2.96154
3.32639
4.25
2.7
3.76531
2.88889
2.16667
2.2
2
1.6
1.5
2.60714
0.00757576
3
2.7
0.875
3.13462
2.33333
3.56579
1.75
0.75
2.71429
2.39286
3.66667
3.81707
3.27273
2.33333
3.71429
1.75
3
2.5
3
3.45455
2.69643
4.5
3
3.25962
0.00606061
4.46517
3.5
2.33333
4
3.73214
0.5
2.75
1.25
0.151515
4
5
2.75
2.38
2
2
1
0.5
2.75
4
2.22222
2.94444
3.5
2.75
2.9
4.23684
4.19531
3.95455
3.91667
3.59091
4.16429
4.26882
4.21154
3.39286
3.75
4.22159
3.69118
3.88806
3.96429
4.23504
4.31746
3.64706
3.72917
3.87037
3.27778
3.33333
3.92373
3.98551
3.71429
4.1875
4.2
3.85484
4.32051
3.75
4
3.8
3.76087
3.58824
3.59375
3.96552
3.58333
3.5
3.69231
3.16667
3.81818
2
3.97222
3.875
3.88462
4
2.25
4
4.3
3.375
3.59091
3.59375
4.20588
4.05556
3.20455
4.09589
4.22581
3.93548
3.16667
1.33333
1.66667
5
2
2
2.5
3.41667
4
3.96429
4.33333
3.5
3.58333
1.25
3.75
1.2
0.5
0.333333
3
3
3.53571
3
3
1.25
3.5
1.66667
4.25
2.88889
2.66667
3.66667
3.14706
3
1.5
2.1875
3
2.5
2.91667
3.07895
2.86111
3.61111
3.60526
3.22727
3
3.26087
2.81818
3.26471
3.09091
3.56579
3.32759
2.96667
3.56364
3.86111
2.6
3.46296
1.25
3.11364
3.8141
3.70238
3.05263
3.34783
3.61224
3.36364
3.95
3.94375
3.83882
2.83333
2
3.86538
3.4898
1.9
3
3.875
3.21667
3.45455
3.55556
2.625
1
1
1.5
4
3.82353
3.52586
4.22619
3.54545
3.25
2.8
4.04167
0.00852878
1.75
2.75
3.75338
1.5
3.95
3.65
3.97191
3.81522
3.67241
3.47059
2.66667
3.875
3.11111
3.94231
3
3.35849
4.13158
3.93382
2.62963
3.23684
3.02703
3.84314
3.73214
3.88889
3.74534
3.54545
2.57895
3.32432
3.84146
3.81707
0.5
3.5
2.75
2.125
1.58333
3.62121
4
3.48276
3.41071
2.5
3.5625
2.92857
3.3125
3.75
4.08824
3.65625
0.0833333
3.20833
4.22414
0.0333333
3
4.17647
4.03947
3.8
2
1.5
1.5
0.5
3.61111
3.6
1.66667
0.0015949
1.5
2
1.5
4
3.58065
4.26087
3.21053
0.00454545
3.90625
3.77778
3.5
4.36667
3.7561
2.75
2
3.60135
4
3.75
3.63793
3.20833
3.39706
3.80952
1.75
3.22727
3.95
4.22759
3.73333
4.21489
4.20859
4.19318
4.03226
3.89286
3.87069
3.64286
4.24667
4.21569
4
4.12963
4.10177
3.75
4.04128
4.21053
4.25
4.17045
3.98819
3.81731
2.9
4.25926
4.21429
4.14557
3.89362
4.35294
4.03365
4.08974
4.18182
4.11386
3.32143
4
4.26471
4.09375
3.91111
3.85
4.16667
3.95312
3.7
3.8
4.02941
3.91667
3.95886
2.75
3.83621
4.04545
3.89091
3.71429
3.78421
4.07778
4.025
3.91026
4.07576
3.64286
4.27922
3.61905
4.3
3.26923
4.13235
3.8125
4.0297
4.09375
4.06818
3.78788
3.94898
3.78571
4.28571
3.81627
3.81897
4.12245
3.47059
3.84211
3.9978
3.60976
4.1
3.55
3.72857
3.42857
4.18085
4
4.08784
3.46154
4.15789
3.875
3.7
3.93182
3.86364
3.74194
3.44737
3.8913
4.03614
3.92308
3.30769
4.01701
3.94828
3.89362
2.94444
3.70312
3.21429
3.5
4.27143
4.05263
3.13636
3.57463
3.6875
4.11842
3.67857
2.85714
3.91954
4.5
0.000776398
2.5
2
3.125
3.53846
1.66667
1.8
0.5
0.5
2
3.11538
0.00151745
1.5
3
1.75
3.0625
3.68269
3.13333
2
2.33333
2.83333
3.23585
3.33333
3.2
2.88889
3.65
3.45
3.67568
3.11111
3.28125
3.63636
2.25
3.36
4
3.5
2.96154
3.78571
1.66667
3.87805
3.94595
3.88636
2.13636
3.85714
3.35714
3
3.96154
2.95946
1.66667
3.28788
2.98958
3.19792
2.78
3.75
3.31481
3.5
3.03846
3.25
2.63333
3.47778
2.44737
1
4
2.84211
3.74312
2.66071
1.65385
3
2.95679
3
3.69811
3.95
3.2
3.54808
2
3.5
3.5
3.5
2.2
3.03261
2.6
3.41096
3.61628
2.98485
2.2
4
2.8
3.7
2.33333
3.18182
1
3.6
5
2.90625
2.83333
2.94444
2.66667
0.5
3.65385
0.625
2.45
2.83333
1.5
2.625
2.68182
3
3.25862
1.66667
2
1.5
3.83333
2.125
3.75
0.00797448
2.35714
1.5
5
0.75
3.05
1.5
2.90476
3.33333
2.53333
3
3.36364
2
3.7875
1.4
0.5
2
1.66667
3
3.52174
2.98611
3.07143
2
2.95
2.875
3.19014
2.83333
3
3.5
0.166667
2
0.666667
2.125
3
1.94828
3.96875
3
1.75
2.66667
3
3
2.5
3.18478
2.95
3.2
3.3785
3
2.66667
1.5
2.16667
3.67797
2.3
2.5
0.625
3.16667
3.97222
0.0015949
2.875
3.16667
2.5
2.88806
2.83333
1.66667
1
1.5
3.26271
2.85714
4
1.58333
2.14894
0.00797448
3
3.5
3.29808
0.833333
0.0015949
3.125
3.45181
0.5
3.66316
1.66667
2.33333
1
3.72826
2.75926
3.2
2.91667
3.225
2.83333
2.7
2.4375
2.78571
3.2
1.375
1.4
3.27778
3
1.16667
1.7
3.5
0.666667
2.4
3
2.33333
1.8
3.21831
3
3.85714
3.5
2.57143
1.5
3.36
3.31818
3.3
4.12
3.275
3.21429
3
2.3
2
3.92105
1.25
2.625
3.4
2.33333
0.625
3.375
3.61111
0.4
3.56923
0.5
3.77344
1.9
4.05
2.51667
3.45833
2.57143
2.28571
3.16667
3.83333
2
3.63529
1.75
2.33333
1.5
3.375
3
2.5
3.7
2.6
2.44444
1.375
0.0121581
3.8
1.75
3.66667
3.85714
3.97368
3.09722
3.56818
3.69231
1.7
3.8587
3.75
2.83333
3
2.81818
3.68182
3.03846
2.96739
1.66667
3.51923
3.58824
1
3.66667
3.29412
2.73529
2.16667
4.11392
2
3.21429
2.5
1.5
3
4.19565
3.31212
3.22
1.6875
3
2
3.62931
3.9
0.5
3.96281
0.0030303
3.57143
2.75
0.375
2
1.875
3.4
3.67647
0.666667
2.5625
2.72727
3.80769
2
0.7
2.33333
1.5
1.80769
2.5
1.5
2.35
2.5
2.9375
3.23571
2.73684
2
3.685
3.16667
4.25
2.6
3.21739
3.21429
2
2
3.83333
1.75
3.55556
2.81818
3
3.23077
1
1.125
3.2
3.53333
2
2
0.00797448
2.8
1.5
2.25
0.75
3.6
2.05556
2.5
3.75
3.25
2.88889
1.5
2.25
2.875
3.25
4
3.80769
4.5
2.7
1.5
2
2
3.3125
2.92857
5
3.5
2
2.05556
2.21429
1.5
3.16667
3
4
3.39286
1.5
2.57143
3.14583
0.00456621
2.66667
4
2.17857
3.1875
3.54444
3.52
0.375
2.66667
2.93333
3
1
3.26087
2.79167
3.07143
3
3.21429
3.7
3
1
1.28571
3.1
3.60714
3.15625
4
2.66071
3.63333
3.78571
3.65385
3.43333
3.01754
2.98837
2.66667
2.61111
3.64634
3.66667
3.55285
3.2
2.83333
1
4
3
2.85714
3.86364
1.83333
2.5
3.75
3.875
4
3.5
3.5
4.25
4.07143
3.78571
3.71429
3.33333
3.925
4.44828
4.20833
3.90217
4.11538
3.27273
3.73913
3.57143
4.0641
3.93617
3.73571
3.71875
3.76562
3.84884
3.75714
3.8
4.03226
3.96639
3.53659
4.15
3.65625
3.57576
3.30769
3.625
3.94915
2.38889
2.16667
2
2.16667
1.75
2.91667
1.75
1.85714
1.25
1.66667
1.8
1.5
1.75
3.53846
3.1875
1.66667
1.83333
2.33333
2.5
2
1
1.5
2.68182
1.42857
2
3.72368
2.375
1.75
3.66923
2.33333
2
3.54945
3.21053
2.9
3.17021
2.45455
3.67647
3.42727
2
0.0015949
3.47059
3.83333
3.445
3.23158
3.06897
3.16667
3.1
2
2.44444
3.35714
4.27778
3.81429
2.98387
3.17857
3.30556
2
2.67857
2.66667
1.94444
3.92448
3.5
3.25
3
3.04167
3.22222
1.5
2.5
3.66667
3.5625
3.5
2.85714
3.33333
2.75
3.16667
2.25
2.83333
3.82353
2
3.875
1.25
2.42857
3
2.875
2.35294
2.74342
2
1.75
3
3.51471
3.05263
2.80769
1.33333
0.0015949
4.39286
3.61905
3.5625
3.65909
4.2
3.4
4.03846
3.33333
3.05263
3.33333
2
2.875
3.94048
2.85714
3.65957
1.75
3.68627
3.67949
2.72727
3.64286
2.61111
3.37805
5
3.63158
2.44231
3.26923
3.67857
3
2.5
3.55556
3.16667
1.8
3.59722
3.75
1.33333
3.36364
3.16346
1.66667
3.75
0.12
2.75
3.47872
3.31818
2.90909
3.6
3.69608
3.15625
3.30769
3.11111
2.4
3.5
3.76531
3.42105
3.64286
3.7
3
2.85
2.77778
2.125
2.86364
3.28571
3.75
2.6875
2
3.80769
3.21429
4.19565
2.97826
3.13889
2.76923
2.55263
3.8
4
3.22222
3.67857
3.24074
3
3.15625
3.82609
3.38095
3
1.5
3.14286
1.33333
3.41892
3.7
0.75
2
2.28571
3
2.5
3.63514
3.21795
2.66667
2.85
1
3.92857
3.27778
3.25424
2.7
2.75
2
3.875
2.625
3.40476
3.53846
2.83333
3.2
1.75
3
2.66667
3.35
3.27778
4.08333
4
2.46875
2
0.00304414
0.000776398
3.20238
3.91026
2.78571
1.5
1.33333
1.125
4
4.4
2.5
2.33333
3.08333
2
3.5625
2
2
0.7
2
4
2
4
3.84722
3.93182
2.27778
2
3.33333
2.25
3.15385
2.42857
3.83784
1.5
3.42308
2
3.20588
3.93617
3.46154
3.2
3.28571
2.75
1.5
2
2
2.33333
2.29167
2
3
2.55556
3
3
1.5
2.66667
3.6
3.86184
2.7
3.625
3.08333
3.47727
3.16667
3
3.5625
3.125
2.91667
3.06667
3
2.5
3.33333
1.25
3
3.80882
4.11111
3.25
3.80556
2
3.21296
4
2.27778
2.82143
4.21212
3.66667
3.55263
3.84091
4.25
4.5
2
2
3.33333
3.125
3.73333
3.85714
2.33333
2.57143
2.6
4.14583
2.2
3.625
2.625
2
3.985
3.625
3.25
2.8
4.02336
4.66667
3.4
3.45833
3.14706
3.18519
3.65306
3.07143
2.32143
1
2.8125
3
3.71429
3.75
2.86667
2.5
3.16667
3.45833
1.5
3.375
3.77778
3.42647
1.66667
3.57547
2.86364
3.95833
4
3.36364
3.38889
2.75
3.86364
2.2
2.33333
3.77083
2.5
1.6
2.88889
3.33333
3.375
2.29167
2.58333
2.55
2.70455
3.025
1.66667
2.52174
2.3
1.83333
1.83333
1.67857
1.57692
3.01613
2
2.25
2.82143
4
2.5
3.125
3.64062
1.68182
3.27778
3.51429
3.9058
3.93443
2.33333
3.65909
2.25
2
3.1875
2.53571
3.47222
2.23077
3.32258
3.58462
3.2093
2.4375
3.47059
3.07143
2.70455
2.5
3.13158
3.33333
2.66667
2.53333
2.5
3
3
3.36842
2.57407
2.125
3.59615
3.24167
3.6
3.25676
2.47826
2.66667
3.16667
3.10714
3.9
3
3.75
2.4
3.11111
3
0.8
3.4
3.2
3
4
3.33333
2.1
1.16667
2.71429
1.33333
1
1.79167
2.875
3.28571
3.67857
3.32292
2.21429
2.66667
2.5
3.5
2.83333
2.16667
1.41667
3.54762
1.66667
2.66667
4.0625
2.96667
3.31818
3.18033
2.5
2.6
2.05556
3.61111
2.8
2.66667
3.25806
1
3.75
3.25
1.83333
3.08333
3
1.5
3.8
3.45455
2.21429
3.1
1.75
2.66667
3.1
3.15909
1.63636
1.75
1.75
1.625
4.1
3.91509
3.5
2.18421
2.75
0.166667
4
3.02778
1.41667
1
0.5
3
3.33333
1
3.15625
2.5
2.20833
2
3.09091
2.25
1
3.14286
3.30357
3.63158
2.55556
2.28571
2.75
2.53571
1.5
2.66667
2.375
1.33333
3.2451
2.58333
3.12745
4.12838
3.4
2.11111
0.9
1.85
3.125
3.46154
1.25
3.66667
2.5
0.7
2.375
2.79167
1.66667
2.5
3.22222
0.0102881
2.8
3.38095
1.5
2.86364
1.58333
2
2.91667
4.16731
3.47368
0.0151976
2.125
3.35
2.25
2.8
3.79412
3.04286
3.125
3
3.5
2
2.6
3
3.5
3.55
3.8
2
2.875
3.99375
3
3.07143
2.5625
3.14286
3.5
3.5
3
3.4
3
2.5
2.53571
3.28481
2.1
3.25
3.375
3.2381
2.75
4
4.5
5
3.17626
2.8
2.33333
1.5
3.66667
2.75
2.66667
0.0581395
0.0465116
0.0348837
3.09091
3.43333
3.19737
2.27083
2.20833
4.11111
0.0581395
4.16667
0.0581395
0.0581395
3
0.9
0.0232558
3.4
1.5
2.33333
3.125
3
3
2.33333
3.36111
3.97368
2.72727
2.5
3.71429
3.38281
2.92105
4.75
3
2.2
3.57143
1.25
3
4.375
3.27232
3.81818
3.625
3.24194
2.125
4.25
2.75
4.14815
3.85
3.23333
3
2
2.86508
3.5
1.98958
2.88095
2.75
3.2973
3.51389
4
2.64286
2.7069
3.57031
2.2381
1.75
2
3.7619
2.69318
3.46154
2.09091
2
3.78571
2.57353
3.11111
2.81111
3
3.75
2.33333
3.92105
3.47059
3.33333
3.63333
3.5
1.75
3.15789
2.52632
3.75
2.66667
3.8125
2
3.9
3.5
2.83333
2.7
4
3.58696
2.33333
4
2.66667
1.5
3.5
3.85714
2
2.93478
3.68605
3.99742
3.3125
4.16667
2
1
2.33333
3.00962
2
3
2.6
3
0.00911854
3.64286
4.16667
3
3.83333
1.5
4
1.66667
3.25
3.91304
2
2.41667
3.78505
3.23077
2.3
2.70588
3.56452
2.3
3.83178
2
0.875
1.5
3.8
3
3.17308
3.99342
2.97917
2.25
1.66667
2.5625
1
3.21429
3
2.5
1.4
1
3.5625
2.25
2.63636
3
2.78846
2.20833
1.66667
2.75
3
3
2.375
5
2
2.64
3.63043
2.8
2.5
0.125
3.94444
3.66667
2
0.333333
1
2.25
3.14286
3.5
2
2.83333
3.61364
4.21719
4
3
3.06667
2.5
3.75806
0.55
3.75
2.95455
2
0.0015949
3.05556
3.81818
3.58824
3
3.26316
2.66667
3.11111
2
3.08333
5
3.02273
2.16667
3.625
0.5
3.5
2.25
1.25
2.59091
3.71429
3.73913
2.35714
1.33333
2
2
1.66667
2.33333
2.75
3
3.83333
1.9
1.1
3
3.64286
2.66667
3
3.81111
3.55556
3
3.34524
3.5625
4.06522
4.00752
3.79412
4.5
3.15
2.875
2
4.58333
4.21429
3.66667
4.5
2.75
3.63333
4
4
4.2
4.25
4
4.66667
3
3.27778
3.25
3.21667
2.66667
3.56944
2.5
3.25
3.71698
3.5303
3.64516
2.4
3.7
3.20833
2.39062
3
4.15764
3.45455
3.625
2.5
3.57895
3.4
3.56977
2.75
3.66667
3.90476
2.5
4.17857
1.2
2.66667
3.38636
2
3.1875
2
2.5
2.5
4
5
3.59483
2.625
3.66667
4
3.175
2.94737
3.625
2
3.55882
1.85294
2
3.9252
1.33333
4.02564
2
3.75
0.0015949
2.42857
2.79032
3.78261
4.17857
3.5
3
3.36364
1.875
2.85714
3.73333
3.1
3.82143
3.83333
3.5
2.5
3.96667
2.75
3
2.75
2.33333
4.16667
1.5
3.57143
3.62069
3.75862
4.41176
4
3.94737
5
3.625
2.92857
1.5
1.75
0.5
3.72
2.4
1.6
0.0015949
2.33333
2.91667
3.28125
2.8
2.57143
3.5
3.5
3.75
3.29167
4.09091
3
2
3.04545
3.73333
3.80556
4
3.58333
4.22727
3.66216
3.28571
3.5
2.75
4.05556
2.5
3.92857
3.625
3.05405
4
3.33333
3.31667
4.05
4.04348
3.16667
4.1
2.6875
2.66667
4.06452
3.9
3.70833
3.64286
2.35
3.58929
3.6
3.54545
2.25
3.96552
3.65
2.75
3.25758
3.53947
2
3.66667
3.8
5
1.925
3.81349
3.66667
1.33333
3.5
3.5
3
1.75
1.5
3.3
2.83333
2.6
4
2.54167
4
3.88462
3.94444
2
2.4
2
3.625
3.6
4
2.5
2.71429
2.3913
3.88462
3.24359
3
3.79545
4.14286
3.125
2.81579
3.07407
1.75
3.38235
3.69298
3
3.71429
5
4
4.4375
3.57692
3.10714
4.25
2.82692
3.20833
3.50769
3.5
2.71429
3.47826
2.95833
2
3.83333
2.94444
3.5
3.19231
3.45238
2.8
3.05
0.5
2
3.375
3.95
2.6
3.77273
3.66667
4.3
4.075
0.454545
3.59375
3.375
1.5
2.2
0.6
1.5
3.61538
4
3.85
2
2.5
2
2.57143
3.69231
1.6
3.75
3.75
2.16667
2
3
1.71429
2
1.66667
2.33333
1.9
3.36667
2.25
3.83333
3.05405
2.36667
3.22222
2.53846
3.5
3.82258
3.34667
3
3.38793
3.53125
2.63333
2.85714
2.9375
3.61111
3.66667
2.82143
3.26667
2.86667
3.72727
3.25
3.125
1.63636
2.5
3.68182
3.15625
2.65
2.71429
3.16667
3.36957
0.5
2.5
2.66667
3.5
2.91071
1.85714
3.375
2.66667
1.75
1.25
3.16667
3.26667
2.25
3.14815
3.09259
4
0.0015949
2.5
3.5
4
3.18182
2.83333
3.94444
2.33333
1.25
2.04167
3.73611
3
3
1.8125
2.25
2.33333
3
3.38636
4
3.4375
2
3.78125
0.0015949
1.5
2
3.75
4
2.5
1.75
4.08333
2
3.40909
1.5
2.26667
3.42308
4.75
3.55263
3.925
3.75926
3.72222
4.08621
3.96154
3.4375
3.53333
3.5
2
3
1.75
2.92857
1.25
4.16667
2.66667
3.73256
2.83333
2.15
1
2.5
2
1
2.4
2.8
3.79167
3.45
3.5
3
1.33333
1.6
2
2.84615
3.16667
4.125
3.51163
2.89655
3.27778
3.2
2.16667
3.25
3.53333
3.42857
3.74167
3.4375
2
3.62121
3
3.41667
1.5
2.25
3.63636
2.57143
1.66667
0.5
0.4
3.8
2.27778
1.25
2.97222
2.27273
1.33333
2.56667
1.66667
2.3
2.55
1.5
5
3.66038
2.33333
3.20968
3.47368
3.05263
0.666667
2
3.6
3.83333
2
3
3
4.22727
0.5
2
2.83333
3.85294
4.1087
4.19231
4.375
3.84127
0.0336134
4.125
3.78
3.22727
3.07692
3.31818
3.25
3.91573
3.25
2.41667
3
3.11628
2
2
4
3.34615
2
2.33333
2
3.64286
3.79348
2.5
3.44444
4.25
3.27273
3.98718
3.58333
2.9
3.63636
3.71429
2.5
3.47619
1.6
3.55263
2.875
3.4
2.72222
1
3
2.66667
3.30769
1
3.63889
2.83333
3.58696
3.56604
2.5
3.25
1
2.82
3.18269
3.5
2.83333
3.66667
3.125
3
3.80435
3.66667
3.58696
3.61765
3.375
3.96875
3.23684
2.75
3.69444
3.36364
2
2.75
2.87931
3.58333
3
2.85714
2
1
1.95833
3.08333
3.31818
0.011976
0.5
2.61111
2.7
1
1.5
0.5
0.25
2.66667
2.8
3.94136
2.33333
0.0299401
3.42857
2.9
2
2.66667
2.125
3.30556
1.15
3.75
0.5
3.83333
3.75
3.25
2
3.16667
1.5
3.7
3.25862
4.25
3
5
3
3.05556
3.03846
2.5
3.08108
3.25
1.5
3
1.75
2.66667
2.93293
3.12821
2.3
4.33333
1
3.70833
3
3.66667
3.41667
3.75
0.121212
3.41667
3.5
3.25
1.75
1.875
3.13636
4.1
4.03846
4.5
0.0299401
1.125
3
1.5
2.33333
1.5
1.5
1.5
1.5
2
3.38462
2.66667
3.93548
3.5625
3.5
2.375
3.25
3.3
3.83333
3.4
3.08333
3.83333
3.78571
2.71429
4.29167
3.88889
3.6
3.575
3.5
2.91667
1.66667
1.66667
2.5
2.33333
2.58333
1.75
1.66667
2.6
2.86842
3.1875
3.45455
3.66667
3.11765
3.82857
3.7931
3.31579
2.72222
3.4
2.77273
2.375
2
0.037037
3.41667
3
3
2.25
1.75
2.72807
3
1
1.75
1.16667
3.9
4.11538
2.08333
2
2.91667
3.125
2.6
4.30435
4
3.33333
3.25
3.625
4.03704
3.64286
2.5
3
2.8
3.15909
3.88462
3.55882
2.33333
2.69231
3.30435
5
3.28571
3.395
2.70455
3.24242
1.85714
2.95283
2.5
2.33333
2.33333
3.5
3.5
3.42857
1.75
2
2
0.00463679
2.66667
2.5
3.25
2.5
1.125
3
1.5
0.0168067
3.92857
3
2.58108
2.28571
3.75
3.5
4.4
4
3.4
3.25
3.53125
3.4
3
2.96296
1.75
2
3.63333
2.08333
2.33333
2
2
3.2
3.23333
2
3.94444
3
2.42857
4.11538
3.66667
3.7
0.5
2.25
1.75
2.5
1.64286
2.82143
2.1129
2.66667
0.0168067
3
1.5
2.375
2.4
2.125
3.5
2.5
1
0.5
2.66667
2.1
3.5
3.42857
1.66667
1.5
1.5
2
0.8
2.5
3.66667
2
1.875
2.125
1.42857
2.5
3
2.83333
2.87143
1.7
2.42857
3.87143
3.32143
3
3.95
3.25
3.77273
1.25
2.33333
0.0420168
4
2.875
0.000776398
0.0252101
2.375
1.25
3
1
1.5
2.68182
0.833333
3.1875
3.85
1.5
2.5
4.5
2.5
4.5
0.00605144
2.41667
1.66667
3.64583
3.76271
3.5
2.5
4.16667
3.7625
3.54545
3
2
2.33333
2.5
3
2
3
3.875
2
3.6
3.4
3.55
2.83333
3.25
0.25
0.8
3
1.66667
2
1.5
1.5
2
1.5
3
0.0222222
2
5
3.40449
3.81429
3.3
3.5
3.77778
1.75
2.2
1.33333
1.7
3.23529
1.5
2
2.25
3.05556
3
2.25
2.375
3.625
2.47059
2.83333
2.875
2
3.54545
2.9
2.1
4
2.72785
2.77273
1.76316
3.03333
2.23077
4.25
3.29167
3
2.64286
2.68182
2.66667
3.41667
0.833333
1.53846
2.7
3.03125
3.24603
3.82174
1.9
2.56667
2.40476
0.0045045
2
3.375
2
2.83333
3.5
3.71429
3.5
3.2
3.22727
3.99479
2.5
3.77778
2.54348
3.5
4.04545
3.05556
3.2963
2.875
3.83333
3.43299
3
2.7
2.74074
0.0015949
3.83505
3.46667
3.125
1.9
3.68421
3.85811
4
2.81818
3.66667
3.07143
2.38889
3.45455
2.6
2.33333
0.0555556
4
3.5
1.5
0.25
2.38889
1
3.35714
2.3
3.5
2
3.2
2.8125
2.25
3.44444
1.25
3.25
2.48077
0.333333
0.00797448
4
4
2.8
3
1
2.76667
3.67647
4.25
2.5
1
2.8125
2.66667
2.5
3
2
4.5
3.83333
4.07143
0.5
3.64583
1.5
2
1.33333
3.83333
0.121951
1
2.83333
3.07143
3.45455
2
1.5
1.66667
2.125
3.925
2.7
1.33333
3.20833
3.33333
2.625
2
1
2.5
1.875
2.5
1.25
4
1.66667
2.97059
2.16667
4.5
2.125
2.57143
1
0.833333
1.5
2.96774
1
3.25
2.16667
3.16667
4.5
4
3.5
3.8
1.5
3.66667
3.91667
3.25
1.33333
0.210526
1.5
2.875
2
3.6
3.9375
3
3
4
3.66667
3.5
2
4
1.5
1.75
1.66667
2.125
2.85714
2
0.0015949
3.3
3.85714
3.3
2.625
3.10714
1
3.83333
3.7
4
3.5
3.66667
3
1.5
3.59211
1.125
3.25
4.19549
3.15
2.16667
3.25
2.78571
1.25
2.71429
4.04839
2.33333
2.625
3.02778
3.48649
0.0138889
3.42361
2.45
2.5
3
2.5
1.71429
1.5
3.63
3.71429
0.625
1.5
2.5
1
2.65152
3.33333
2.6
1.66667
2.78571
3
3
3.3
3
3.75
1.5
2.5
0.0234375
3
2.44444
3.375
1.66667
2.1
2.2
4
3.75
3.22414
1.66667
5
3.58333
1.75
3.82571
3.57143
2.80233
3.1
1.33333
2.33333
2.3
3
3.46429
3.65385
3
4.09091
3.56667
2.8
1
3
3.5
3
4.75
3.625
2.5
0.25
2.59524
2.83824
2.78571
0.875
4.5
0.0454545
3.19444
2.75
1
2
1
3.91667
3.85714
2.78571
3
3.81034
3.33333
2.76389
1.6
3.20732
2.875
1.33333
2.75
2
3.57692
3.83333
1.5
2.125
4.16667
1
2.66667
2.175
3.5
1.5
4
1
2.33333
2.8
1.5
0.0015949
4
2
3
1.5
2.25
3.86364
2.25
2
4
3
1.75
3.5
1.25
2.5
4.5
3
2
3.85
2.5
3.78571
1.5
2.75
4
3.66667
2.33333
5
2.75
3
0.0265152
3.02632
2.92708
3.07895
3.5
2.5
2.6
0.666667
2.66667
3.75
2.5
1.5
3
3.3125
0.00772798
3.61538
0.666667
0.136364
0.25
1
2.28571
1.33333
0.5
3.58333
4
2.4
2.5
2.5
1.875
1.71429
2.875
3.48
2
1
2.625
0.0060423
2.875
2.25
2
3.47619
0.0375
2.25
1.16667
2.4
3.375
2.75
2.16667
2.5
2.16667
1.75
0.0463415
3.4
2
0.222222
2.5
3.5
2
2.5
0.157895
1
1.66667
0.625
0.6
3.8
2.5
3.16667
4.25
0.0015949
0.075
3
3
2
3.07143
3.16667
0.105263
2.35714
4.16667
1
3
2.90909
0.0526316
1.5
2
3
2.8
2.6875
5
3.5
5
4
0.5
3.125
3.4625
2.25
2
4
0.105263
1.66667
3
2.64286
2.66667
1.75
0.00797448
0.0015949
0.0046729
4
1.5
2.16667
0.0015949
1
2
3
4.75
2.83333
0.5
3.875
2.5
2.41667
3.25
2.64286
0.5
3.52174
2
0.9
1.66667
2
2.9
1.33333
1.5
1.66667
1.5
1
2.48387
2.43333
1.25
3.56757
3.11111
2.875
3.5
1.5
2.35714
1.25
1.5
3
3.8
2
3
3.25
2.8
4
2.9
1.25
1
2.16667
2.75
0.5
2
2.83333
2.75
3.16667
3.3
0.666667
3.25
3.66667
0.25
1.4
1
4
2.25
1.25
1.5
4.75
2.25
4
3
3.13889
3.15385
2.625
3.5
3.75
1.33333
2.91667
2.33333
5
0
2.66667
1.5
0.5
5
2.87179
1.375
3.42
2.5
2.6
3.25
0.25
1.5
2
2.9375
5
2.66667
2.66667
3.14062
1.71429
0.5
1.83333
4
1
2.25
3.75
1.75
1.5
0.75
0.7
0.75
2
1.875
0.000776398
2.66667
5
1.83333
2.35714
3.5
0
2.8
2
3
0.916667
3
0.166667
1.33333
3.1
3.25
0.6
3.22368
2.5
3.5
2.375
3.3125
2.5
1.83333
3.5
0.00797448
3.5
3.78571
3.75
4.5
4.08333
2.64286
3
3.75
3.16667
4
2
1.5
3
2.33333
3.15957
2
3.25
2.5
3.05
2.33333
2.33333
1.5
3
4
2.5
3.1875
3
1.125
1
1
3.03571
3.75
3.6125
1.5
4
2
3.47826
3.5
0.5
2.25
2.25
0.0333333
3.425
2.33333
3.08333
3.75
3.08
0.25
1.125
4.02688
3.8125
3.65
1.5
3.85496
3
3.625
3.64286
2.76087
1.5
2.5
3.62264
1.5
3.125
1.625
3.51923
2.4
3.72727
3
3.5
3.77273
2.4
4.25
2.375
1
1.33333
2.25
1
2.7
0.00797448
2.5
1.5
3.11111
3.07143
0.00772798
2.16667
0.75
1.33333
2.3125
2.5
2.33333
2
2
2.95833
2
3
3.85115
0.195652
3.9
3.55
0.916667
3
3.72222
2.625
2.16667
4.06349
2.92308
3.01351
3
3.33333
3.6
3.7
3.1
4.25
0.0015949
3
0.5
2.5
2.5
2.8
4.16169
3.22727
3.91739
1.25
1.5
4
3.5
1.75
1.375
3
1.5
3.27778
2.64286
3.65
1.125
3.36207
3.2
3.16071
1.8
3.5
3
3.4
4
4
2.5
2.9
2.2
3
1
3.5
4
2
3.5
3
1
1.5
3.5
2
2.3
3.46875
3.25
3.25
2.2
2.88889
4
2
2.25
3.74576
1.25
1.66667
2
3.82609
2.25
3.1
2.5
5
1.75
2.33333
3.11111
4
1.16667
3
1.83333
2.16667
1.33333
2.375
1.5
2.25
3
1.625
0.75
2.75
1.5
3.75
1.5
2.75
0.833333
4
3.70455
3
1.92857
3.5
3.25
3.5
3.18182
2.25
3.83333
0.000776398
2
3.33333
3.375
2
1
2
2.33333
3.5
3.41176
3
2.625
2
2
3.33333
3.66667
2.88462
3.75
1.5
3
2
2
3.66667
4
4
0
2.125
2.16667
1.66667
3.33333
2
3
1.75
2.5
4
2.75
2
1.5
2
2
3.5
2
3.5
3
3.34375
3
2.16667
3.07143
1
0.0015949
3.83333
3.5
1
0.25
4
4
4
4
4
0.0015949
2.75
4.75
1.5
0.75
4
5
1
2.5
0.833333
2.91667
2.84091
2.375
2
4
0.25
2.5
3.21667
2.7
3.85714
0.2
1.3
2
1
0.000776398
1.375
3.16667
2.70833
3
2.66667
0
3.73529
3.33333
2.90909
2.95
2.6875
4
2
3.36275
2.4
5
3.5
2.85
3
3.5
1.5
2.925
2.5
3.375
2.04545
2
3.08333
3.33333
1.08333
0.03125
2.66667
3.83333
1.33333
2.83333
1
3.66667
3.3125
3.4
1
1.5
2.66667
2.875
1.75
3.52239
0.0015949
2
3.25
0.25
3.5
3
2.5
3.5
1
2.92857
1.75
0.5
4.16667
3.5
2.33333
2.5
3.57547
3.06627
3.4
3.33333
3.6
2
2
3.21429
2.0625
3.32692
3.16667
3.42857
0.0015949
2.83333
2.91667
3.44444
3.5
1.5
0.000776398
3.75
3.41667
1.5
2.5
3.84158
1.96154
2.28571
3.5
0.00692308
2
0.00797448
3
2.75
2.33333
2.83333
1.5
0.5
3.88095
3.68696
3.86364
2.375
0.625
2.73684
1.25
1.57143
0.666667
3.01
3.875
1.66667
2.67647
3.39474
1
3.4
1.5
0.0416667
3.375
2.6
2.5
2.6875
3.1
2.91111
3.6
3.41667
2.83333
2.375
3.65385
0.75
3.10909
1
1.8125
3.58333
2.7
2.375
2.75
2.33333
1
1
2.25
0.25
3.3
1.5
3
3
2.66667
3.18421
2.5
0.625
2
1
3
3
3.40909
2.95455
3.5
2.33333
1.66667
0.25
2.5
2.25
2
0.5
1.33333
3.16667
2
2
2.66667
1.25
3.08824
1
3.03846
1.66667
1
1
1.25
1
1.75
1.25
1.5
3.875
4.16667
2
0.00823045
3
3.0625
2.33333
3.33333
2
1.625
0.375
3.1875
4.07031
3.5
3.09091
2.5
2.25
1.75
2.83333
4
3.625
2.66667
3
1.5
0.0681818
1.5
2
4
1.25
1.83333
2.33333
2
3.6
3
2.33333
1.7
1
1.78571
2.16667
3
3.91379
4.125
0.5
3.52083
1.5
1.5
2
3.35714
3.7
2.5
1
1.75
3.6
2
3.73333
2.5
2.875
1.8
2
2
0.375
1.5
2.6
2.58333
0.5
3.5
1.25
1.5
2
2.5
3
2.5
1.8
2.5
2
2
2
4.5
3.71429
2.125
2
1.25
1.75
3.375
1.5
2
1.25
1
2.9
3.8913
2
3.31818
2
0.00156986
3.67857
2.25
1.75
1.625
2.83333
4.16667
2
2
2.75
3.25
3.90625
1
3.61585
2
3.5
3.83333
4
1.33333
2.5
3
0.7
0.5
3
0.157895
2
2
2.66667
2
2
2
3
0.0227273
1.58333
2
0.5
1.66667
0.000776398
2.5
2.625
4
2
3
1.75
1.75
1.33333
3.59091
3.67647
1.2
0.15
2.16667
3
0.5
1.5
1.5
2.2
4
2.38889
0.625
3.68605
3.625
1.5
0.0015456
1.5
2.83333
2.83333
0.75
0.00498339
1.83333
1.5
2
3.83333
2
1.5
1.8
3.4
1.6
2.5
2.53333
2.68182
3.15714
2.5
2.875
4.03968
3.44643
3.22222
3.67143
2.56667
0.00313972
3
2.5
2.33333
1.16667
3.5
3
1.25
2.33333
0.105263
3.6
3.7931
1.75
2
0
0.375
3.25
3.93
3.57692
3.59375
3
3.5
4.06452
1.5
3.63636
3.41176
2.125
0.5
3.5
0.00156986
1.375
0.00156986
4.23571
2.25
2
3.5
3.33333
3.25
4.25
0.25
4.5
3
3.5
1.66667
4
1.75
3.5
4
1.375
2.44444
3.07143
2.75
3.16667
2.125
1.75
4
0.204545
2.16667
1.5
1.75
1
4.125
2.75
1.5
1.25
4
1
3.95
1.5
0.121951
0.25
0.0291667
2.83333
2.25
0.0375
3.375
2.66667
3
4
2.66667
2.25
0.0291667
2.25
2.33333
1
1.5
0.00156986
3.13333
3.2
2.48214
1.5
1.33333
2.5
2
3.4
3.5
1.33333
4
3.5
3.41667
2
1
3.71429
3.39394
4
2.8
1.75
2.33333
1.33333
0.625
2
2.125
2.64286
2.875
3.35714
2.875
3.7
3.30952
1.83333
2.125
1.5
1.25
3.25
0
3.5
2.33333
2.875
1.83333
1.5
4
2.75
2.83333
2
2
3.10714
3
2.83333
2.16667
4
1.6
1.75
1.875
2.92857
1.75
0.75
3.25
2
2.41667
1.875
1.5
3
2
3.625
3.125
3.625
1.5
4
3.2931
3.47059
0.125
3.3
2.25
1.57143
2.35714
2.3
0.2
3.52381
3.1875
0.5
3.66667
1
3
0.5
3.33333
2.16667
4
2.2
1.5
1.16667
3.2
1.66667
2.125
3.6087
4
1
3.64706
2.5
3.61728
1.5
3.83333
2.25
4
1.75
0.25
3.5
2.66667
1
1
3.8913
3.75
1.75
3.16667
3.83333
3.22892
2.88889
4.5
0.25
3.28571
3.03922
3.16667
3.77236
3.46429
2.75
3.70833
1.91667
3.5
3.54348
1.75
4
3.75
2
2.16667
1.75
4.5
1.5
2
3.75
3.5
3.5
0.75
1.75
4.5
2.5
2.5
0.833333
0.0015674
2
2
2.7
1.75
1.5
1.75
2.875
3.58333
3.93478
3.5
1.75
2.25
2.5
4
2.83333
3.25
3.5
1.5
2.66667
4.4
1.5
0.0375
3.25
2
1.25
1.5
2.5
1
3
2.5
3.625
1
1.75
3.25
1
3.80769
2.02083
4
0.121212
1.5
0.25
0
2.4
1.5
1.25
1.5
2.125
1.75
1.75
4.125
0.0015949
3
2.375
2.16667
4.5
3
3.7
3.82746
2.85
1
2.91667
2.5
3.5
4
3.875
1.75
2.58333
3.82
0.375
2.75
0.173913
1.5
3.16667
1.7
1
3
1
3.83333
2
2.26667
2.22727
2.875
5
1.75
0.0454545
1.6
1.5
3.25
2.25
3.41667
1.5
2.16667
2.875
3.6875
3.44444
0.117647
0.75
1.75
2
2.5
3.125
4.25
3.66667
3.64286
0.0227273
3
2.5
2.92857
2.4
3.42308
3.83333
3.27778
2.91667
3.5
3.7
4.75
0.25
1.5
1.75
1.75
0
1.25
1.625
1.75
1.5
3.5
2
1.66667
3.75
2.86364
3.33333
3.77326
2.3
4
3.75
3.75
3.5
3.91667
2.5
1.25
0.0291667
2.78571
3.4
2.16667
1.25
3
3.25
1.5
0.5
3.4
3.04545
3.27778
1.33333
3.5
0.2
1.625
2.6
3.33333
3.75
0.25
2.125
0.25
1.66667
3.64286
3.3125
4.375
3.55
3.75
2.83333
4
4
3.2
3.75
3.92857
1.5
3.625
3.8
2.5
1.625
3.83929
1.5
1.5
1.5
4
3
3.94737
2.375
2.33333
2.875
1.25
1.5
1.5
2.66667
2.125
3
1.5
1
1
4
2
0
2.5
2
3.5
2.375
1.75
3.3
2.33333
3.36364
3.25
2.33333
3.46154
3.75
3.32143
2.875
3.3
3.54255
0.125
3.10714
3.78571
1
2
3.2
2
3.55
0.00680787
2
1
3
2.41667
2.4
3.04545
2.5
3.35714
3.5
4
3.83333
1.25
3
5
1.5
2.16667
1.75
3.40909
2.98182
2.875
3.16667
2
3.58182
3.13636
2.75
3.45588
2.5
2.33333
3.33333
3.20968
3.64286
3.5
2.5
4
3.25
4
1.75
1.75
3.5
2
3.41667
3.45455
2.16667
2.75
3.62121
1.25
3.16667
3.5
3.58333
3.41667
3.71429
2.375
3
3.5
1.5
3.8
1
2.2
3
3.5
2.9
3.5
1.125
1.5
2.88462
1.5
3.33333
2.9
2
2.5
1.75
0.666667
3.29167
0.5
3
2.4
2
3.62963
1.5
2
4
0.666667
3.25
4
1.5
3.7
2.875
2.75
1.75
2.5
2.83333
2.5625
3.5
2.85714
4
3.5
1
3.5
2.58333
0.136364
1.75
3.0625
3.83333
2.8
3.9
3.375
3
1.5
2.16667
2.125
2.5
2.16667
3.2
3.16667
2.25
3.75
2.125
3.5
3.5
3.5
0.0255102
4
1.25
3.625
1.75
0.75
5
4.25
4.08333
3.86364
3.7
0.166667
2.5
2.66667
3.90476
3
1.9
2.625
2
1.5
1.5
2.25
2.5
3.35714
3
3.75
2.5
2.8125
1.75
2.25
2
1.75
4
2.9
4.25
3.5
3.63889
3
3.56522
3.75893
2.96154
1.91667
3
4
4.10452
3.4375
3.25
3.75
3
3.35294
2.57143
3.08824
2.68182
3.33333
3.5
2.25
0.121212
2.17857
4
1.75
4
2
1.5
3.5
0.375
2
2
3.5
1.75
1.5
1.5
1
0.000776398
1.33333
1.5
5
2.75
2.875
1.5
4
4
3.16667
3.75
2
1.5
1.9
2.5
3.25
3.5
3
2
0
0.5
3.4
1.5
1
3.39796
2.35714
4.2
2.25
0.75
0.25
3.54167
3.13636
2.16667
2.5
0.5
1.16667
3.9375
3.16667
2.16667
4
2.66667
0.833333
3.5
1.25
4
3.25
2
1.5
0.000776398
0.5
2.66667
3.1875
2.80769
1.5
4
3.71429
3.5
2.36111
3.83333
2.375
0
4.5
0.375
3.03571
2.71429
3.35714
0.195652
2
1.5
2.5
2.5
1.25
3.26923
4.08411
3.375
2.16667
2.1875
2.25
3.44444
1.5
3.28571
2
3.25
2.33333
0.8
3.42857
2
2.625
4
3
2
1.16667
2.92857
1.25
2
1.25
3.44444
1.5
3.62981
2.4375
2.69444
3.25
0.25
2.75
2
3.39655
1.5
2.67647
4.5
3.09091
4.75
2.2
4
3.375
3.6
2.875
3.33333
1.5
3.8
4.19565
2.375
0.65
3.375
0.151515
3.7
3.72727
2.91667
2
2.625
2.6875
0.151515
1.5
2.83333
1.75
2.7
1
1.33333
4
1.5
3.07143
1.875
3.75
3.83333
2
4
0.2
0.225
0.5
4
1.5
3.78571
1.16667
4.125
2.375
1.66667
1.75
3.5
3.58333
2.5
2.625
2.5
4.25
3.625
1.875
3.25
2.33333
3.5
4.125
0.5
0.136364
0.025
3.5625
4.25
3.6
0.00769231
1.75
1.75
0.106061
2.25
2
4
2.125
3.33333
4.2
3.5
3.66667
3.75
3.75
0.75
3.5
1.25
0.121212
3.5
2.66667
3.375
2.75
2
3.83333
2.75
3.75
3.58333
3.83333
2.83333
2.66667
1.75
4
3
2.5
1.25
0.0375
1.75
1.25
1.5
3.5
0.0375
2
2.66667
1.75
1.5
3.16667
2
3.5
3.5
0.5625
1.75
1.5
1.25
1.5
2.78571
3
2.5
2.6875
2
0.109756
2.33333
1.5
3.3
1.5
3.3
3
0.75
1.33333
2
2.5
1.75
1.75
2.3
3.9
3.35714
2.5
2.375
2.7
3.5
3.5
1.5
2.125
1.5
1
3.33333
1.75
2.33333
2.75
3.5
3.58333
3.5
2.25
2.66667
3
2.16667
3.4375
2.5
1.25
1.5
1.75
1.375
1.6
1.83333
5
2.5
3.25
0.0375
2.9
1.75
3
3.125
4.08333
0.00229358
0.25
1.33333
1.75
1.33333
3.5
3.5
3.61111
3.27778
3.5
2.25
3.14286
4.125
1.75
3.25
0.0333333
2
4
2.75
2.125
1.66667
2.75
2.375
3.5
1.66667
2.41667
3.84375
2
0
4.5
0.0416667
3.5
1.66667
0.2
1.5
2.5
3.5
2.6
1.25
1.75
1.83333
2
2
0.25
2.83333
1.75
3.5
1.75
3.66667
2.875
3.66667
4.5
3.53049
2.94231
2.5
2
3.25
3.125
0.857143
3.71765
2.75
3.4375
3.2
1.2
2.22727
3.06522
3.5
1.64286
2
1
2
0.8
2
2
1.5
1.5
0.5
3.5
0.2
2
3.75
1.25
1.25
3.53333
1.25
3.4
3
0.4375
0.121212
1.83333
2.625
2.875
3.71429
0
2.08333
3.5
4.5
3.05
2.83333
3.75
1.75
2.5
2.33333
3
3.33784
3.27632
3.875
2.25
3.39394
0.625
3.5
4
4
1.16667
3
2.25
2.25
2
4
2
3.25
3.5
3.25
1.25
2.5
4.25
3.5
3.66667
3.2
1.25
3.83333
2.25
3.41667
1.5
2.16667
2.1
1.75
2.16667
3.66667
3
3.48936
3.46154
1.5
0.166667
3.6875
3.625
3.88235
2.5
3.41429
1.5
3.5
3.28448
3.47222
4.25
2
3.83333
1.75
2.6
3.74
2.07143
1.83333
1.5
1.75
2.5
2
1.33333
1
1.5
0.25
1.5
3
2.5
4
1.75
1.25
0.625
1
3.75
1.25
0.75
4.5
1.25
1.75
2.25
2
4
3.2
1.75
0.75
0.222222
0
0
1.75
2.5
0.0227273
4
2.78571
2.91667
3.62931
1.75
3
2.5
3.25
2.25
3.62195
1.25
1.6
3.47826
3.0625
2.63889
0.5
2
1
1.25
1.25
1.25
0.00530035
4.35714
1.5
2.25
2.5
0.375
3.875
0.375
2.33333
3
0.625
1.25
1
1.25
1
1.25
3.5
1.5
0.5
2.33333
2.75
0.875
2.72727
2.2
2.58333
3.5
0.0291667
3.53704
3.87143
4
2.7
2.16667
2
0.0333333
0.0375
0.0060698
1.75
2.8
2.68182
2.16667
3.42105
2.5
3.46154
0.00316957
3.42857
3.425
1
1.75
1.25
1.21429
2
3.5
2
2.33333
3.5
3.5
0.666667
3.5
2.8
3.5
2.5
2.57143
2.1
3.58696
3.5
2.66667
3.5
2.5
3.17647
3.77273
3.83071
0.5
0.0681818
2.78571
3.3
1.75
2.94444
3.75
3.41429
3.5
1.66667
1.75
2.83333
3.725
0.875
3.13889
2.82857
1.79167
4
3.5
4
3.5
2.8
4
3.5
2
1.75
1.25
3.33333
2
2.75
0.0227273
0.0375
3.58333
2
2.33333
1.75
0.5
2.25
3.2
2.79167
2
1.5
2.75
2.33333
1.75
2
0.0255102
3.83333
1.5
3.75
0.0227273
3.5
2
1.75
1.25
1.75
2.58333
5
2
2
2.2
1.16667
2.25
2
2.75
1.75
1.75
0.0227273
1.75
1.25
1.5
1.25
1.75
0
2
1.75
2.83333
1.25
2
2.25
1.7
2.83333
4
1
3.75
2
1.25
3.5
2.25
2.25
3.5
3.5
0.9
0.0227273
1.5
3.5
1.25
1.33333
2.5
2
3
3.21429
3
2
1.75
2.5
2.5
3
1.75
1.75
1.75
3.5
2.7
2.25
0.151515
0.00766871
4
0.25
0.00529501
2
0.0333333
3.75
2.66667
1.5
2.75
1.75
0.0227273
2
2
2
0.121212
1.75
2.875
2
3.2
2
3.33333
0.875
0.181818
2
1.5
1.75
2.5
2.5
2
1.5
1.25
0.7
2.25
1.75
2
4.5
1.5
0.159091
1.5
1.75
2.25
1.5
1.25
1.66667
3.75
1.33333
0.7
0.6
2.25
2
1.25
0.5
4
1.75
2.5
2.625
0.5
1.25
3
1.5
0.5
0.666667
3.83333
3
0.25
1
3.5
1.91667
2.5
2.25
2.25
1.25
3
2.5
4
4.25
3.16667
4
1.125
2
0.151515
1
3.5
4.4
2.5
3.75
4.25
3.96154
1.75
1.5
3.4
0.0375
3.63158
4
2.8
1.6
1.75
1
1.625
2
0.388889
1.66667
0.571429
4
4
3.6
0.833333
3.88889
2
0.8
4
2
0.0416667
1.5
0.75
3.61538
1.5
1.5
1.75
0.25
2.5
0.0375
1.3
4
4
1.75
1.75
3.5
4
0.25
1.5
0.2
4.5
1
3
1.5
2.25
2.25
2.5
1
3.33333
3.5
2.33333
3.25
2
0.6875
3.75
3
1.375
0.375
1
0.5
1.33333
0.108696
2.7
3.21429
0.0291667
4
1.75
1.5
0.0454545
2.33333
1.75
0.25
1.33333
4
2
2.66667
3
2
0.5
2.83333
4
4
1.66667
2.33333
3.27273
4.5
0.75
3.47222
1
1.875
1
0.5
1.125
2.5
2.9375
2
3.58333
1.25
1.25
0.173913
4.33333
2.75
4.25
3.5
3.5
2.25
3.80303
3.5
4
1
2.8125
3.25
0.0416667
1.75
0.5
2.33333
3.25
2
3.71429
2.55
2.25
3.07143
1.25
2.9
2.58333
0.25
3.72222
1.5
3
2.9
0.9
3.77778
2.75
1.75
0.0227273
1.33333
0.75
0.75
2.33333
2
1.5
3.3125
1.75
5
1.75
3.16667
4
4
3.64394
2.83333
2
2.2
3.86364
1.5
3.18085
2.875
3.45
3.51429
3.8125
1.25
3
3.72222
3.19231
0.5
1.25
4.5
2
2
1.75
1.33333
2.5
1.25
4.5
2.16667
2
1.5
1.5
2
2.5
3.75
3
2.5
2.25
4
2.3
2.83333
1.75
1.75
0.5
1.5
1.5
2.125
3.975
2.5
3.5
0.666667
1.125
1
3.125
3.16667
2.4
0.5
1.25
2.75
0.121212
2.25
2
4.05357
2
0.0375
3.22917
2.25
2.16667
3.11538
2.5
0.25
2.16667
0.25
1.5
3.5
3.475
1.25
0.181818
2.66667
0.121212
3.66667
0.833333
1.75
2.5
2
2.16667
1.5
2
3.1
3.26923
1.5
2
0.000776398
1.75
1.5
2
2
1.75
4.25
1.33333
5
1.25
1.85714
3.5
1
1.5
3
3.5
2.33333
4
4
3
2.16667
0.2
0.0205761
0.136364
0.571429
0.0416667
2.5
1.6
2
4
3.90123
4
2.58333
2.72222
4
0.25
1.5
3
0.0333333
1.16667
0.0375
2.83333
1.28571
0.0227273
2.25
1.83333
2
3.71429
1
2
3.29412
0.0291667
1.33333
1.75
1.8
1.4
3.1875
0.5
2.95
1.375
3.91837
3.11111
1.5
2
2
1.75
3
3.57143
1.83333
1.5
3
2
1.25
3.28571
3.5
3.28571
2.375
3.4
3.75
1.16667
3.04
0.9
1.66667
0.5
2
0.159091
3.82075
2.25
4
2.5
2.75
2.21429
1.75
2.7
1.25
3.4
2
2
1.25
2
2.78049
3.5
2
2
2.53333
3.33333
3.54762
2.83333
3
1.83333
3.02174
2.5
1.66667
1.8
3.19231
1.7
3
4
1.75
1.5
3.69512
0.225
3.375
0
1.66667
2.25
2.66667
1.5
3.6
2.5
4
3.40909
2.5
1.5
1.5
3.57692
3.5
1.5
3.08333
1
1.5
2.33333
0.833333
3.26316
2.8
3.0625
3.5
3.5625
1.25
2.875
1.5
3.38889
1.25
2.75
3
0.5
2.2
2.16667
2.83333
2.35714
2
2.5
1.3
2.45455
3.56818
3.65
3.45238
1.5
3.5
3.725
1.5
2.94444
2.16667
1.5
3.25
3.75
3.66667
3.125
3.5
3.66667
2.5
3.18182
2.16667
1
0.6
3.5
2.5
4
3.71429
3.25
3
3
0.000769231
3.25
0.00769231
1.25
0
0.0254237
3.125
2.375
3.07895
0.0291667
2.42857
0.195652
1.75
2.66667
2
2.25
0.0416667
3.25
2
3.16667
1.85714
0.136364
3
2.83333
3.47059
1
2.6
3.725
1.5
3.375
3.81667
1.25
3.7907
2.41667
1.25
2.875
3.5
4
0.875
2.875
3.29412
0.5
4.66667
3.39
3.14583
3.04167
5
0
1.75
3.25
1.5
3.75
2.25
3.54
2.83333
4.4
1.25
3
2.07692
1.75
2.125
2.83333
2.25
3.16667
0
2
3.75
2.375
2.25
1.75
3.75
1
2.33333
3.5
3
3
3.25
3.5
2.96875
1.25
0.0681818
0.0416667
0.173913
3
3.5
0.5
2.5
2
1.5
2.75
0.6
3.5625
1
3.5
1
3.75
2
2.66667
1.75
2
3
2.125
3.5
2
2.66667
0.0909091
2.5
3.5
2
3
1.6
4
2.14286
2.33333
1
2.6
2.91667
3.02381
1
3.95946
2.125
3.81707
0.00680787
3.74138
3.16667
2.16667
4
0.8
0.4
2
2
1.33333
3.82895
2.66667
2.5
3.5
3.2
3.69231
1.5
3.45
3.83333
1.5
0.00615385
0.75
3
2.92857
1.16667
1.75
1.75
1.25
1
2.875
3.28571
0.121212
3.25
2.25
2.3
0.75
1.75
3.75
3.15909
0.75
2.5
2
1.5
2.9
1.875
1.75
2.90278
3.17391
2.1
4
3.03846
0.0291667
0.5
2.5625
3.125
2.31818
2
3
3.35833
2.5
3.31579
1.5
2.25
1.83333
1.83333
2.33333
2
3.6
0.00558214
2
3.5
4.08333
2.25
0.833333
2.25
2.61538
0.0375
2
1.5
0.000776398
3.85714
1.75
3.35294
2
3.66667
1.75
0.875
4
2.6
2.75
2.2
2.88889
3.05556
1.5
3.57317
2.7
2.25
3.64
2
2.75
2.25
2.83333
0.75
2.75
2
3.75
1.5
0.666667
1.75
0.5
3.25
2.5
2
2.75
0.0291667
2.16667
1.5
3.59091
1.5
3.61765
2.83333
2.6875
1.5
2.58333
5
1
0.5
1
1.5
2.125
3
2
2.875
3.07143
2
2.88462
4.5
2.95
1.5
1.5
3
1.5
1.75
3.75
2
2
3.55556
1.83333
2.71429
3.27273
3.60377
1.5
1.5
4.15294
2
4
0.25
1.875
0.5
2
1.5
0.00151286
0.121951
3.5
3.25
0
3.78125
2.75
2.16667
3.54545
4.04717
2.58333
5
1.16667
1.75
3.33333
2.22222
0.5
3.0625
2.9
1
3
2
1.75
2
3.81452
1.3
3.46154
2.5
3.5
3.03571
2
1.75
2.33333
3.5
3
2.25
3.93421
3.5
2.16667
3
2
2.8
4
3.25
2.6
0.0333333
1.25
0
1.9
3.375
3.5
1.5
0.0375
1.5
3.70833
1
4
3
1.28571
2.25
2
1
1.16667
1.33333
1.5
2.1
4.75
3
3.5
3.5
0.625
3.375
3.375
1.25
3.5
1
2.16667
0.173077
0.75
2
2.5
3.91667
2.9
3
2.5
2
2.28571
3.25
2.83333
2.58333
4
4
0.269231
2.25
2
1.25
3.67442
4.5
0.25
4
0.175
0.0333333
2.91667
0.5
0.714286
3.7381
1.5
3.5
3
3.5
4
1.5
2.16667
2.4
1.83333
0.75
4
3.6875
2.5
1
2.33333
2.93333
3.47368
3.3125
2.66667
3.125
1.25
3.60714
3.5
3.04167
1
1.875
0.121212
0.307692
1.75
3
3.5
0.151515
2.125
2.7
4.5
1.125
3
1.75
2.60417
1.25
4.5
0.0333333
3.46154
2
4
3.75
3.625
3.26
3.4
3.2
4.25
0.0227273
2.89286
3.86364
3.17647
3.33333
1.25
0.2
0.173913
3.25
3.25
3.11538
1
1.9
0.0860215
1.83333
1.72222
2.5
3.83333
3.35714
3.66667
0.0227273
2.25
2.5
2.69231
3.125
3.1875
3.36538
0.55
1.33333
3.125
1.25
3.65385
2.71429
2.83333
2
0.25
2.66667
3.70833
0.75
3.25
3.66667
2.75
3.89516
0.5
2.5
3.75
3.375
1.5
1.75
3.65556
2
2.33333
1.7
2.25
3.2
3.5
0.000776398
3
3.5
1.25
0.0333333
2
3.8
0.0227273
3.43333
4
3.875
4.5
3.45
2.83333
3.5
1.5
2
2.8
2
2.5
4
3.525
2
1.9
4
2.55556
3.25
3.51562
1.375
2.83333
2.5
1.5
3.58333
3.61364
2.66667
3.375
3.28571
3.4375
3.14286
3.53333
1.25
2.5
0.00459418
3.6
2
3.5
1.16667
0.217391
1.33333
2.5
1.5
1.5
1.5
3.44444
0.00537634
1.25
3.30435
2.5
2.83333
3.25
3.93
2.8125
1.75
2
1.75
3.91667
0
2.22222
2.16667
1.83333
0
1.16667
1.25
0.00833333
1.5
3.22222
3.5
1.875
3.75
2.66667
3.11628
0.916667
3.83333
0.173913
2.33333
1.875
1
3.875
3.80137
2.5
3.34615
2.83333
1.5
3.33333
3.15
2.9375
3.85714
3.375
1.875
2.5
2.5
2
2
2.5
3.83333
2.9
2.94118
2.5
0.25
2.6
2.5
2.5
2.83333
3.05
2.5
1.75
1.75
2
3.28571
2.5
3.07143
0.8
3.13158
3.84615
0.152174
2.25
1.25
3
2
1.5
2.08333
2
3.91667
2.78571
1.83333
0.00452489
0.5
3
1.875
2.83333
1.5
3.59091
2.5
3
2.66667
4.2
2.375
2.25
3.21429
3.125
2
1.75
0.136364
3
0.0375
1.75
4.23554
2.5
2.5
0.75
2
3.60526
2.16667
2.875
3
1.75
1.5
2.5
2.5
3.29545
1.7
2
3.5
2.5
1.66667
2.66667
3
4
2.33333
1.5
2
3.5
5
2
3.97368
3
0.0375
3.35938
3.95455
2.5
3.75
2.35714
0.5
0.121951
3.2
3.5
0.25
2
2.66667
2.5625
1.5
2.5
0.00756144
2.83333
2.16667
2.25
3.69118
2
4
2.25
1.5
0.000797448
1.75
2.15385
3.5
0.214286
1.75
3.83333
2
3
3.65584
2.57895
2.75
0.2
2.96429
4
2
0.0227273
4
2
3.375
3.5
3.4
1.25
3.83333
0.0416667
2.85714
2.5
3.5
1.83333
2.5
4
0.5
2.5
3.51852
2.75
3.78571
3.5
2.5
2.3
1.5
0.00756144
2.33333
2.75
3.20833
0.0227273
2.5
3.36957
4
3.83333
1.5
3
3.25
1.6
2.25
0.136364
2.5
2.83333
3.4
3.375
2.5
1.25
3.66129
0.5
2.25
2.3
2.83333
1.5
2.75
1.5
0.000776398
1.75
2
1.5
2.6
4.5
2.7
2.16667
0.0205761
2.875
2.66667
2.25
1.5
2.83333
3.5
3.25
1.875
1
1.75
1.33333
3.03571
2.875
2.3
1.625
2.25
1.5
0.0375
3.5
4
3.22727
3
3.35714
2.83333
3.14286
3.375
3.68868
3.14706
3.2
2.25
1.66667
1.07143
1.16667
3.33333
1.75
2
2.33333
0.5
2
3.66667
3
0.0416667
2.5
3.125
3.33333
2.35714
2
0.75
4.0625
2.25
1
0.5
3.125
1.75
1.3
2.5
3
2.25
1.25
2.14286
3
3
1
2.58333
3.72973
3.5
2.6
0.454545
0.375
3
3.70833
3.75
4
3.51613
2.92857
2.9375
1.5
1.875
1.25
2.5
1.33333
3.75
3.5
3.75
3.25
3.6
4
1.66667
2.33333
2
3.65625
3
1.25
3
3.65385
3.5
2.5
1.5
1.75
1.25
2
3.3
2
2.75
3
0.333333
2.375
1.66667
0.5
3.75
3.5
1.66667
2.4
2.5
1.25
2.77778
0.833333
3.58333
1
1.4
2.25
3.5
3.5
2.08333
0.157895
1.5
0.5
3
1.75
0.8
2
0.444444
0.5
0.214286
3.41176
3.5
2.66667
2.375
3.33333
3.33333
3.625
2.25
1
3.3
2
2.5
2.375
2.5
2.5
2.93333
2.4
2.5
2
3.2
1.07143
3.72727
3.54545
4.5
3.68182
0.0606061
4.06667
3.375
3.75
2.2
3.98276
4.16667
2.91176
1
3
3.75962
3
4
2
3
1.25
2.7
3.38462
2.8
0.225
4.25
3
2
0.0227273
2.33333
2
1.75
3.5
3.87903
2.5
0.5
0.121212
3.66667
0.75
3.53333
3
1.25
3
0.75
2.75
0.0449438
2.38889
2.57143
1
2.33333
3.98148
0.15
0.0913978
3
2.42308
1.33333
2
1.83333
2.58333
3.1875
2.85714
2
3
2.3
0.75
2.5
3.67391
0.121951
1.9
1.625
0.75
4.06897
2.25
2
1.25
2.66667
0.0227273
0.000797448
2
2.9
1.25
1.75
3.5
3.93519
3.3125
2.5
2.41667
0.35
1.5
4
1.75
2.35714
1
1.5
2.33333
2.5
2.5
3.5
2.25
1.16667
2.33333
1.25
0.25
2
2.375
2.25
1.5
0.5
1.75
0.0291667
3.25
3.41667
0.285714
3
3.25
1.75
3.375
3.625
0.121951
3.5
2.5
2.1
2.16667
2.3
3.3
2.375
1.5
2.5
2.5625
0.0416667
2
3.25
2.25
0.106061
0.0714286
3.41667
3
3.1
1.66667
1.25
0.0333333
2.375
2.5625
1.5
2.6875
3
3.63514
0.75
3.07143
2.25
2
2
0.75
2.83333
2.57143
2.5
1.25
0.00378072
1.25
3.07143
0.000797448
3.54545
3.35185
1.66667
1.5
0.0333333
3.25
2
3
3.25
3.5
1.5
2.75
2.5
3.85417
2
4
4.75
2.25
2.27778
1.75
3.75
2
2.5
1.625
1.33333
1.75
2.8
3
3
0.0037594
1.5
3.5
3.7
2.25
2
1
1.5
1.375
2.625
2.4
3.75
2.41667
1.75
1.25
1.5
0.0333333
2.5
0.2
3.58824
1.9
3.78049
3.3125
0.9
2
0.8125
1.25
1.875
3.6
3.33333
1.5
3.75
3
3.38889
2.33333
3.78571
0.75
1.75
1.5
2.5
0.0333333
1.5
1.9
1.5
2
4
2.25
1.75
0.6
3.1
2.375
2.5
1
4.5
3.5
1
2.66667
3.1
4.25
4.16667
0.0227273
1.5
4.25
2
1.875
2.83333
3.72115
2.875
4
3.83333
2.625
2.28571
2.88889
2.16667
1.75
1.5
4
3
2.66667
3.16667
1
2
2
2.33333
1.66667
0.375
2.97619
2.8125
3
1.5
2.08333
3
2.7
2.75
1.5
0.0208333
4.5
0.75
1.7
3.16667
1
0.0375
2
3
2.25
1.83333
3.5
2
2.72727
2
4.02941
2.6
3
1.66667
3.5
3.54839
3.5
2.57143
1.5
2.5
1.5
1.25
1
1.25
0.0416667
2.75
1.5
3.375
2
2
0.833333
2.5
3.61538
3.35
3.78571
1.25
3.6
1.25
2
2.66667
2.75
1.83333
1.5
3.33333
2.5
2.75
2.8
2
2.75
1
2.33333
0.0227273
4
1.5
3.0625
3.5
2
2
3.5
0.5
2.375
1.83333
2.61538
3.97674
2
4
3.07143
2.33333
1.75
3.5
1.5
1.75
1.5
0.692308
1.5
0.625
2
4
4.25
2
3.16667
3.5
4.01339
3
1.5
4
0.2
2.8125
0.0375
2.25
2.78571
2.75
1.25
2.5
2.5
2.5
4
4.16667
1.78571
0.454545
3
1.75
1.25
3
1.66667
0.0375
2.5
3.81481
3.25
3.5
4
1.75
1.83333
1.75
2.25
3.5
2.4
1.83333
3
0.0375
3
2
1.75
0.333333
3.125
3.88636
3.55556
3.43333
2.5
0.0416667
1.25
0.225
3.75
1
2.25
2
3.42857
0.454545
3.25
0.75
0.264706
3.25
5
0.5
2.16667
1
2
2.58333
2.16667
3.59091
3
3.5
1.75
0.121212
1.5
1.33333
1.25
3
2
3
3.81579
1.75
2
4
2.75
2.8
3.47917
3.66667
3.67143
1.75
2.5
3
2.25
2.83333
3.125
2
0.8
3.80882
3.82927
3.5
0.25
1.5
3.79167
1.5
0.833333
1.5
3.5
0.75
1.375
0.0291667
1.75
2.125
2.9
1.25
2.125
2
0
1.83333
3.67391
2.67857
2.33333
2.16667
3.125
3
0.25
3.1
1.75
1.75
0.583333
1.5
0.333333
1.75
3.21429
3.875
1
1
3.5
2.5
2
2
2.1875
2.5
1.75
1.66667
2.5
3
4
1.75
2.3125
2.5
4
0.0375
1.5
2
1.75
1.33333
3.625
4
3.5
3.21429
0.333333
1.75
0.0454545
2.61111
3.18182
2.5
0.25
1.75
3.5
3
0.75
2
2.8125
3.41667
2.66667
3.71429
1.25
2.83333
3.29167
1.75
3.5
2.7
2.75
2.66667
2.3125
3.2
4
2.5
4
3.41667
1.33333
2.25
1.5
0.5
3.5
2.9
4.02083
3.75
1.85714
1.25
3.5
3.2
4.11111
0.2
3.5
1.5
3.41667
2.375
3
1
1
3.3
2.66667
3.5
2.2
2.58333
3.42857
3.35714
3.64286
4.25
4.05
2.5
3.375
1.7
1.25
2
2.08333
1.5
3
2.5
3.05556
2
3
2
2.40909
3.75
1.33333
1.5
3.5
2.30769
1
3.66667
0.75
1.75
3.28571
3.84483
3.75
2.875
1.8
3.11538
1.5
2.4
0.75
1
2
2.45
1.83333
1
1.5
4.5
1
2.66667
1.5
0.0291667
2
1.5
1.25
0.0291667
4
4.1
3.65625
3.5
3.67857
2.83333
2
3.25
1
2
2
3.5
3.11111
2.75
2.66667
3.64
2.66667
3.75
2.64286
2.5
0.333333
0.5
0.5
1.75
1.83333
2.875
0.5625
3.5
3.5
4.5
2.33333
1.5
1
1.66667
3
2
2
3.5
2
1
3
2.625
1.75
0.666667
1.5
0.75
3.11111
3.78125
1.75
4.01087
3.5
3.58333
1.75
3.25
3.94444
2.16667
1.2
3.42857
0.225
2
3.28571
2
5
2.25
1.83333
1.25
3.5
2
2.28571
2.91667
0.166667
3.05
3.125
2.125
2.78571
1.75
1
1
3.1875
2.83333
2.5
2.5
2
2
3
0.75
2.9375
2.25
3.09375
0.5
1.375
1
1.33333
3.16667
3.66667
1
1.75
1.5
1.5
2.5
0.75
2
0.75
1
0.00529501
1.5
0.75
2
3
1.25
3.29487
1
3.61224
2.85714
3.76923
0.00627943
1.25
1
2.5
1.16667
3.72222
3.5
3.58824
1.5
2.5
0.75
1.66667
1.9
3
0.75
4
1.75
1.25
1.16667
2.66667
2
3
2
2
1.25
2
2
1
1
1.66667
2.5
4.01786
2
2.5
2.90909
0.0333333
1
2.5
1.25
1.25
2.08333
4
4.5
0.2
1.25
2.5
3.5
0.210526
1.25
0.5
1
0.2
2.8
2.25
0.75
2.25
1.25
1.33333
1.3
5
5
2.9
2.61111
2
1.5
3.125
4
3.73333
2.7
0.75
2
2
3
0.666667
1.75
1.75
3.5
3.39286
4.5
0.75
1
0.75
1.75
2.5
1.5
3.5
1.83333
1.5
4
3.25
2.25
0.5
1.25
1
2.8
2.96429
2
4
2.83333
2.94118
1.75
1.25
2.25
1.5
2
3.57407
0
1.25
4.16667
1.16667
0.0416667
0.0375
2
3.5
3
3.32143
3
1.5
1.5
1.16667
2.16667
2.75
2.5
2.5
1.5
2.5
2.68182
0.5
2.5
3.5
4.5
4.5
1.75
3.16667
1.5
2.75
2.25
1.83333
3.5
1.5
0.166667
1.25
0.0375
2
3.5
3.5
3.6
3.83333
2.72222
0.7
3.5
4.5
4
3.5
2
2.5
3.78
2.28571
1
2
2.25
1.75
0.666667
2.5
3
1
2.125
3
1
1.25
3.5
0.75
3.4375
2.5
2.66667
3.33333
1.125
0.5
3
2.5
1
0.75
3.2
2.90909
1.75
3
1.5
3.66667
3.64286
2.5
1.5
1.58333
0.75
2
4.5
5
0.5
1.83333
2.66667
2.5
1.75
3.75
3.6
1.5
3.5
2
0.75
1.75
1.75
3
2
1.5
3.2
2
2
0.121951
1.16667
1
2.4
2.66667
2
0.318182
3.35
3.52174
3
2
3.6087
3
1.75
0.0155039
2.625
1.25
1.5
3.58333
0.625
3.42857
0.75
0.75
1.75
3.3
1.5
2
3
2
1
1.75
4.22222
1.5
0.121951
0.266667
2.5
1.5
0.0205761
2
1.5
3.38462
4
1
0.75
2
0.25
3.29167
2.5
0.75
2.8125
0.454545
1.25
2
1.25
2.9375
3.88889
2.125
3.2
2.85714
1.5
1.25
1.25
1.25
1
1
1
3
2.5
0.75
1.5
0.225
0.2
1.25
2
3.375
1.75
2.5
1.5
4
3
2
1.5
1.25
0.666667
1.5
0.15
2
4
0.6
2.25
3.5
2.25
0.75
1.33333
1.5
1.25
1.25
2.5
3.11111
0.75
3.5
2.25
1.5
3
4
0.0146628
3.3
1.4
3.83333
1.5
0.109756
2.5
0.0731707
1.66667
1
1.5
1.625
2.5
1.25
2.375
0.75
3.1
1.375
3.9
1
0.7
1.66667
2.16667
2.66667
2.5
3
0.75
3.16667
1.75
0.0897436
0.625
3
3.23077
3.34091
1
3.7
0.833333
4.5
1
0.75
1.75
2.875
3.775
0
1.7
2
0.0205761
1.33333
1.33333
3.25
3
0.121951
1
2.41667
2.75
1.2
3.1
1
3.21429
1
2.95455
2.75
2
2
3.125
1.75
1.25
2.94118
3.1
2.52941
2.7
3.5
2.16667
3
1.5
3.22727
1.83333
2.16667
2.25
0
0.75
3.75
1
0.75
3.1
1.16667
0.233333
1.25
2.875
0.25
1.25
2.57143
1.25
3
0.833333
1.5
1
1.6
1.5
0.4
4.33333
3
0.75
2
2.5
1
2
1.25
1.75
2.9
1.25
3
3.6
2
3
1.25
0.210526
2
4.03333
0.3
1.16667
1.75
1.33333
2
1.75
0.75
3
2
0.5
3.61667
4
3.09091
2
1.25
4
2.75
4.25
1
0.5
3.5
2.33333
2.66667
2.83333
1.5
0.75
4.5
1.33333
2
3.81818
0.666667
1.33333
0.666667
2.33333
1
1.5
0.109756
3.65385
2.16667
3.125
1.75
2.25
4
2
2.91667
3.70455
1
1.33333
1.5
1
1.16667
2.2
1.25
0.15
3.5
4.25
1.75
0.0123153
0.00862069
3.16667
3.73913
2.66667
0.363636
0.75
3.8
4.04167
0.00985222
3.33333
3.98333
1.75
1.5
1.16667
0.75
3.17647
3.125
3.92308
2
1.5
2.8
0.0110837
1.125
2.88889
1.33333
2.45
1.5
3.125
0.0205761
0.454545
0.4375
0.121951
5
0
0.454545
0.75
1.25
2.625
4.5
1
2.25
1.66667
3.5
1
3.5
1.33333
2.33333
2.72727
2
0.75
1.25
0.0174419
1
0.15
3.125
1
0.5
2.5
0.75
3.125
2.25
0.2
1.75
1.75
4.07692
2
1.25
3.58333
2.66667
1
4
2
0.2
1.4
0.75
2
0.00865052
1
1.25
0.2
0.75
3.91667
0.107143
4.05682
0.75
3.07143
1.75
2.5
1.5
1.5
1.5
2.71429
1.875
1
2.75
3.25
0.15
3.88889
1
1.92857
2
1.5
4
1.5
1.5
1.33333
2.875
2.5
0.109756
2.125
1.25
0.75
1.66667
1.9
1.25
2.25
1.33333
0.2
0.75
0.75
0
1.66667
2.16667
2.5
2.5
1.75
0
0
2.28571
3.64
2.5625
2.5
2.85714
1
0
2.875
1.08333
3.08333
3.5
3.25
0.75
0.75
2.83333
3.7963
3.125
2.16667
0.00697674
3.91667
1
2
2
2
2
3.44444
2.16667
4.125
3.5625
0.75
2.9375
0.75
1.75
2.1
2.25
2.5
1
1.33333
0.5
3.21429
0
3.74138
3.57692
2.5
2
3.11111
2
1.25
1.25
2.25
1
4
0.833333
2
2.5
1.25
3.88158
3.5
1.83333
2
1.5
2.5
1.5
2
1.5
1.5
3.5
1.75
1
2.16667
1.625
0.75
1.75
1.75
1.5
3
1.25
1.375
1.875
1.5
2.625
2.875
1.75
2.6
1.25
2.625
2.4
2
1.75
2.85714
0
0.583333
2
0
2.5
2.25
1.83333
2
2.5
2.16667
1.16667
0.75
1
3.5
1.25
1
3.4
3.5
0
4
3.13636
1
2.375
1.75
3.33333
3.5
3.75
3.5
1
3.96154
3.90909
1.5
4.5
2.33333
3.7963
3.5
2
0.266667
2
1.25
1.6
0.75
3.75
1.5
0.75
0.75
1.14286
3.98485
2.16667
2.63636
1.25
0.2
1
3.5
0.5
2
0.75
1.25
1.5
3
3.38462
3.16667
0.75
1.875
1.75
1.5
3.44444
2.625
1
0.75
1
3.16667
3.5
2
0.75
1.25
1
1
1.5
0.0205761
2.81818
0
1.25
1
2
0.833333
2
2.1
2.75
3.25
1.75
1
2.57143
3.39286
3.25
0.5
0.833333
2.28571
0.5
1.16667
1.25
2.5625
0.833333
2.25
0.5
0.0205761
3
3.42857
2.25
1
0.75
3.67188
3.51724
1.66667
3
3.60714
3.58333
2
3.38889
3.125
2.25
1
0
0
1.5
1
0.25
3.5
1.16667
0.75
2.5
0.00490196
0.0205761
1.25
0.0115942
1.66667
2
0.00597907
2.16667
0
3.4
1.75
2.25
1.75
1
2.5
2.4
1.5
0.666667
0
0.75
0.25
0
4.0625
3.5
1.33333
0.5
2.25
2
1.66667
0.833333
0.2
2
0.25
0.454545
2.1
1
3
0.833333
0.5
0.5
1.75
1
1.16667
1.5
1
3.5
2
0.25
0.75
2
1.75
4
0.25
2
0.583333
0.2
1.5
3.5
3.5
0.175
0.833333
2.25
1.66667
1.33333
0.5
0.75
4.5
0
2
3.07143
2
1.5
1
2.5
0
0.5
3
1
1.75
0
0
0.75
2.66667
0
1.75
0.2
3
1
1
0.833333
1
0.75
2.91667
0.5
2
2.83333
1
0.75
1
1.5
3.94231
0.75
2.92857
0.0044843
3.7
3.08333
0.00523169
0.583333
0.0044843
3.88
1.75
2.66667
2.2
2.5
0.2
0.2
0.2
3
1.75
2.125
0.833333
1.5
3.75
1.83333
4
2.9
3
1.75
2.3
0.5
0.833333
0.833333
0.0205761
2.5
0.75
2.5
1
0.75
0.5
0.75
1.25
2.16667
3.5
0.175
0.0044843
2.9
3
0.00523169
2.66667
1.5
0.75
0
2.5
2.25
1.66667
4
3.34615
1.5
1.33333
1.75
3
2.125
2
1
3.2
2
3.25
1
2
0.833333
3
1.25
2.375
3.5
1.5
0.25
0.25
0.25
0.25
0.25
0.25
0.25
0.2
0.25
0.2
0.25
0.25
0.25
1.75
0.2
0.8
0.25
1.25
0.625
0.0568182
3.5
2
4
0.454545
1.33333
0.5
0.25
1.75
0.25
0.75
1.33333
2.33333
3.45
3
1
2.33333
0.75
1.25
1.75
2.625
1
0.75
1
1.5
0
4
0.75
1.66667
1.5
0.833333
1
1
4
0.0909091
0.15
0.125
0.15
3.57143
1.75
1
1
1.33333
0.25
1.16667
1.75
1.33333
1.5
0.454545
0
3.27273
2.5
1.66667
0.0153061
0.142857
2
2.625
3.25
3
1
1.25
0.0174419
1
0.0153061
1.5
3.125
2.5
2.25
1.25
2.5
0.833333
0.5
3.08333
1.5
3.6
3
1.5
4
0.454545
0
1.33333
2
1
0.0255102
2
0.833333
1.875
3.5
1.5
2.5
0.75
1.5
3.75
2.25
3.5
0
0.0164609
0.8
3
2
1
2.5
0.5
1
2.5
2.125
0.75
2.5
2
4
1.66667
1.75
2
0
1.25
0.5
0
0
3
0.5
0.75
2.5
4.5
0.0193798
0.0116279
0
2.5
0
0
