3884
0
4.14685
3.20114
3.01674
2.72941
3.00676
3.87872
3.41048
3.01471
2.65686
3.54054
3.7938
2.3625
3.26263
3.54248
2.4589
3.79326
4.02878
3.33758
2.48072
2.5375
3.62389
3.34921
2.85714
3.17949
3.65102
3.53
2.93443
4.05587
4.06203
3.64865
3.11348
3.94573
3
3.89149
3.31429
3.95797
3.5
2.82143
3.62335
3.93333
3.95868
2.86878
3.44578
2.78778
3.42463
3.10843
4.10642
2.97644
3.74074
4.51684
0
3.64186
4.75
2.56098
3.06667
2
3.40404
4.09381
2.75
3.21289
3
3.69686
2.85586
2.26582
2.06294
1.6701
3.25
3.45
3.65517
3.15646
2.10417
3.63441
3.81696
2.975
1.91667
2.85393
3.76471
3.26
2.60526
3.82692
3.16265
3.8764
3.69697
3.09524
3.40206
3.39407
2.21053
2.94271
3.07424
3.66667
2.34091
2.23596
3.72527
2.87618
3.92308
3.75
2
3.46
3.0625
3.86957
1.81667
3.21212
3.52639
3.23256
3.58333
3.14844
2.85714
0
4.23496
4.18387
3.44386
2.98113
3.09091
0
4.09756
3.63291
3.07353
2.46154
2.66667
4.05405
2.76804
3.86957
3.21429
3.83333
1.9899
0.166667
4.33333
3.30769
4
3.0625
2.49451
0.166667
4
2.81203
3.25
3
2.5
4
3.16547
3.54985
1
0
3.39261
3.29558
2.88889
3.54144
2.78261
3.78723
4.07446
3.58845
3
2.64221
3.72619
3.41379
3.56061
2.73262
2.98069
3.28448
2.23894
3.72368
4.06314
3.45826
3.56728
3.56121
2.45902
3.6
2.95028
2.0177
3.14642
3.56989
2.57642
2.30851
2.30864
3.47727
3.91707
2.73381
3.47368
2.20833
3.54767
1.6129
3.14286
3.48276
3.34615
2.86995
2.76303
3.2381
3.22105
3.4
3.75
2.46667
3
2.05069
3.75587
2.84146
2.82364
3.05882
3.29587
3.81197
2.41667
2.63636
2.5
3.05419
2.92118
3.61176
3.67073
3.13242
2.63134
2.46154
3.14634
3.55882
1.92857
4.05691
4.25
3.80625
3.1831
2.625
3.12821
3.18182
1.82143
3.54711
3.94688
3.39119
3.17323
2
2.67442
2.15385
3.5
3.45272
3.19242
4.07514
3.61277
2.22449
3.69687
3.30368
2.97276
2.8125
2.875
2.71111
3.31034
3.5
2.1
1.9
3
4.18855
3.86345
2.91304
3.75862
2.6
3.27778
3.26975
3.52439
3.07895
2.06061
2.65138
3.22807
2.42361
2.84314
4.45369
3.64912
3.87209
3.85714
3.2
3.93264
3.42756
2.72857
3.37037
3.52727
3.03797
3.14286
3.72585
2.89754
2.375
2.5375
2.69298
3.18235
2.75
3.71739
3.57075
3.64807
3.22326
3
0
0
3
2.90476
3.14429
3.34177
3.91667
2.20833
3.26876
4.10618
3.09524
2.75862
4.27821
3.10714
3.91304
3.66434
3.75852
3.30233
3.81395
2.97608
3.14286
2.50394
4.22754
4.09877
3.96535
3.6875
2.66667
3
2.4375
2.88889
3.85
2.65359
3.49014
3.19189
4.55456
3.89377
3.40625
3.7541
3.71292
3.9697
2.44898
4.34426
2.61453
3.11111
3.37677
2.73154
3.09524
2.54658
3.50244
3.85965
3.4878
2.68421
3.84127
2.88235
3.49926
3.26506
3.83871
3.67761
2.42857
3.14883
3.80597
3.525
3.17391
3.6989
3.72616
3.39223
3.34241
3.13445
3.4455
3.1791
2.35206
4.08846
3.74371
3.17021
3.21053
2.49606
3.42164
3.36402
4.25806
3.86084
3.16901
2.828
3.27905
3.52369
3.31034
2.89806
3.17925
3.15421
3.85659
2.12088
3.29412
3.24571
3.56545
2.89286
2.88991
3.63429
3.26066
2.93382
3.26667
2.9
3.4
2.6
2.7451
3.63918
3.7
3.54237
3.275
2.8
1.85714
3.66667
0
4
2.41667
4
0
0
3
3
0
3.75
2.12315
3.625
2.91192
3.31944
3.02041
2.90909
2.61538
3.55932
2.53061
2.65556
2.48045
2.42697
3.48558
2.51724
2.19231
2.50568
3.3617
3.12281
3.10455
2.6
3.60952
3.08178
2.36747
3.93156
2.37968
2.41667
3.69106
2.57908
2.79167
3.08455
2.606
2.65248
2.04688
2.625
4.5
3.81118
3.69362
2.99219
3.3871
2.2963
2.61
4.08268
2.48387
3.60088
3.66197
3.2807
3.15094
3.28947
3.22388
3.54733
2.58947
4
4.10326
3.27586
2.83217
2.26316
3.27907
2.64286
2.74468
2.78241
3.31429
2.79581
3.2037
3.27143
2.95652
1.73684
3.63105
2.70455
2.22517
3.8251
3.90064
2.68571
3.46667
2.45833
2.79699
3.76385
3.38095
3.52841
3.74324
2.65517
2.508
2.8125
2.6129
3.38462
2.47423
3.32432
3.31604
3.7194
3.60738
3.34615
3.38095
3.21622
4
2.74468
2.7551
3.42005
3.60638
1.93548
3.69231
2.95506
2.49275
3.49123
3.52273
3.89483
3.67434
2.40476
3.10526
2.87151
3.1194
3.53179
3.91778
2.87097
3.17539
2.45638
1.94059
2.93048
3.36752
3.56627
3.65812
3.61555
3.19048
2.5
4.51042
2.51471
3.97778
3.5
3.76923
3.04884
2.73399
3.83566
3.81728
3.16364
3.07729
3.82222
3.76041
2.21893
4.27333
2.67476
3.38416
2.64341
2
1.87429
2.86992
2.54745
3.82166
3.01685
3.71787
3.24008
3.87342
2.61538
3.92857
4.22727
4.5
2.7037
3
3.625
3.61538
3.79916
3.23529
2.26667
3.13115
2.92308
3.57143
3.85714
2.93
3.21739
3.58824
3
3.52381
3.44571
2.82243
3
2.96364
4.5
2
3.24194
4.04965
3
3.67857
4
2.9067
3.13481
3.49644
3.7883
4.05816
3.91523
2
3.6014
4.35157
3.84535
3.88763
3.751
3.64149
4.25
4.08712
3
3
4.12195
3
0
3.31416
2.22581
2
4.25468
2.77612
3.54781
2.47222
2.40506
3.63415
2.66667
4.04478
3.35252
3.64706
2.11111
2.59375
0
3.71429
3
0.00739372
0
2.26316
3.60331
3.89691
0
2.85714
2.08
4
3.6
1.66667
3.62338
0
2.54286
3.21053
2.61538
2.67606
1
1
2
2
3.6
3.55329
3.43287
4.1875
3.47191
2
2.88889
3.22549
0
0.5
2.5641
3
3
3.72
1.5
3.46476
2.98438
3.41667
3
3.65714
3.33333
2.04255
4.40426
4.17391
4.41071
3.67982
2
2.61989
3.01554
0
0
4.2451
3.5
3.35938
3.93333
3.5
0
0.000167476
3.3
3
2.277
2
3.09917
2.11321
0
2.64539
3.17778
3.25
2.55294
2.2
0
3.32414
4
3.66667
1.6
2.30952
3.83333
2.5
3.08727
3.43446
3.04167
2.33333
2.5
3.5
0
3.88889
3.61538
2.67857
4
3.48485
2.86192
4.42694
0
3.81481
0
3.08654
2.79121
3
0
3.76498
3.66667
1
2.85106
2.83333
3.72313
3
3.35644
3.17387
2.03
0
0
4.08917
2.52874
2.57009
2
4.52055
4
2
3.15108
2.75
4.44989
3.53333
0
3.15625
2.92308
3.77778
3
3.75
4
4.10169
3.51515
2.78862
2.18456
3
3.27027
2.63158
3.57
3.20833
0
3.25
0
3.77778
0
0
4
3.22222
3
0
3.96005
2.69231
3.5104
3.37864
2.55172
3.22308
2.72987
3.47843
3.12391
5
2.99578
3
3
3.5
4
2.6
0
0
3.33333
0
2.70588
3.34911
4.08254
3.09917
3.49649
3.68421
2.97854
3.59012
3.16667
3
3.39535
2.57143
1.46667
3.88889
0
2.51064
3
2
0
2.56085
0
3.25
2
0
3.25
3.92857
0
1
3
2.90741
2.29008
2.95254
3.85
3.47872
2.17949
2
3.12621
2.65401
3.47706
3.88024
2.21481
2.56
3.4
2.5894
1
3.57143
0
3.73684
1.85714
3.4359
2.51076
3.66667
3.49606
3.22114
4
3.625
0
0
0
4.52497
2
3.6
3.51282
3.64516
3.5
3.58333
2
3.82343
2.20833
3
3.09524
2.18367
0
0.0833333
0
3.125
3.38636
2.85714
3.29167
4
2.827
2.20062
2.62338
2.71186
3
2.5814
2.94231
2.5
2.20833
2.5
0
2.36066
3.86184
3.69565
0
1
3.43137
3.7551
4.30069
4.28267
3.85131
3.64368
3.90828
4.27293
4.47619
4.28075
4.09626
3.92381
4.38403
4.1271
4.30048
4.18301
4.41282
4.39539
4.15409
3.96438
4.21647
3.67532
3.79365
4.24796
3.9974
3.89404
4.49149
4.38889
4.06876
3.25
4.25558
3.97619
4.20466
3.78495
4.29438
3.91262
3.95238
4.10158
3.65789
3.6338
4.07576
3.75
3.62032
3.18182
3.97354
3.70476
4.20205
3.98246
3.79381
4.14741
3.85093
4.10638
3.75385
3.97674
4.23973
4.24937
3.60223
4.29904
4.24021
4.16949
3.55
3.24324
3.38462
3.74138
3.45
3.47826
3.54545
3.57407
3.39216
4.07143
4
3.26087
3.67133
4.25166
3.40541
4.04797
3.16667
3.91463
3.75
1.5
3.57143
2
3.94
0
2.8
2.75
3.67901
0
2.66667
3.75
3.60345
2.9
3.37681
5
2.57407
3.52353
2.6
3.11111
4.09556
2.90625
3.35714
3.01075
3.28322
3.05
0
4.25
2.94215
2.66337
2.37324
3.08974
2.97845
3.3299
3.18557
3.2686
2.72593
3.70432
3.56589
3.40441
3.34615
3.21795
3.58696
3.25203
3.70261
3.2398
2.76923
3.75563
3.98643
3.24603
3.60959
3.625
3.16279
3.89505
3.68838
3.0774
3.47962
3.69714
3.44948
3.64497
3.93197
4.12185
2.66124
3.27273
3.66667
3
4.03797
3.48106
2.84259
3.28571
0
4.06667
3.48387
3.32816
3.82192
3.41837
0
2.91429
3.30864
2.73684
3.54
3.55839
3.27273
3.40084
3.94148
3.5508
2.5
3.15385
2.89474
0
4.16571
3.78261
3.68571
3.92727
3
3.4
3.86139
0
4
3.97984
3.83602
3.97134
4.01836
3.61751
3.7013
3.53049
4.09621
3.77863
4.07916
3.44444
3.3115
4.13582
4.09011
2.79357
3.54194
3.40735
3.73046
3.88441
3.97674
3.96518
2.4
3.98969
2.80714
3.68484
2
3.92289
4.22567
1.78571
0
2
0
0
0
4.09574
3.42857
3
2.87097
1
3.41176
4.25
2
3.20588
3.58333
3.07692
0
3.72727
3.74074
3.77922
2.37224
3.68397
2.92353
3.46493
3.25974
4.32407
4.25909
2
3
3.18919
4.33521
0
3.85714
4
0
0
1
0
3.75
2.5
0
4.3213
4.50794
3.5
3.93038
3.48387
3.48276
3.42857
3.73333
0
0
0
0
0
2.16667
3.94681
3.90625
2.94737
3.6
1
0
2.89362
2.05556
3.72222
1.64706
3.73494
4.2878
3.34848
3.8
4.00272
3.93798
3.9932
4.47391
3.7887
3.84
2.9
3.60971
3.8022
3.95806
3.61388
3.65986
3.95118
4.25279
3.50758
3.0622
4.02857
4.39072
3.47642
4.29298
4.30371
4.47831
4.09748
4.12582
4.13382
3.61111
4.29545
4.4012
3.38095
4.07811
4.42565
4.2432
4.02312
4.02289
4.11157
4.45208
4.2752
4.15958
3.80423
3.65517
4.26891
4.19672
4.21853
3.9396
4.35757
4.11085
4.36152
4.28638
4.25181
4.0531
3.86307
4.18759
4.14168
4.08
3.63462
4.3027
4.32031
4.16499
4.18889
4.23077
4
4.15212
3.35714
4.19335
3.98462
4.08217
4.00559
4.00585
4.24584
4.21595
4.00546
4.38699
4.10526
4.33924
4.14132
4.28918
3.40741
4.21044
3.92161
4.10488
4.09692
4.30195
3.82664
4.37644
4.11
4.05447
3.95303
4.09027
4.33333
3.4858
4.16815
3.99032
3.80574
4.26667
3.96575
3.93363
3.84615
4.25376
3.8843
4.25063
3.74742
4.17329
4.03241
3.90456
4.17866
4.31238
3.81569
3.58596
4.1108
4.17979
3.97253
3.5913
4.13329
4.01354
4.14158
4.12466
3.56767
3.99643
3.70814
3.64083
4.24863
4.14545
3.97587
3.91146
4.12903
4.21509
3.79339
3.60294
4.07334
0
0
3.55814
1
3.24138
2.15385
0
2.33333
4
3.175
0
0
3.03784
3.75228
1.71875
1.37209
1.68182
1.65217
2.10714
2.93803
1.84
2.66667
3
3.18
2.91176
3.88267
3.13609
1.71429
2.23636
3.5625
3.34375
3.91204
2.84906
2.90458
3.67103
3.92244
3.60494
3.18391
3.48559
3.9916
3.07143
3.62347
3.4
2.85106
3.08511
3.82397
2.96104
3.70916
3.80657
4.20816
2.47748
3.5
4.21384
4.03
2.97321
3.5
3.84483
3.18519
3.0467
0
3.8
3.54185
3.13654
3.40959
2.74878
3.88052
3.35383
3.65631
2.97573
3.41815
2.90786
3.57772
1.9637
2.77953
1.54545
3.83333
3.26898
1
4.08957
2.58919
1.85238
3.19835
2.90037
3.73973
3.75905
4.02092
3.32542
3.72777
3.65079
3.19048
3.20192
0
3.50617
3.14474
3.04
3.45833
3.57562
3.81417
3.05357
2.86667
3.95812
3.9
3.38
3.59524
3.55556
3.25532
2.76744
3.96324
4
3.04545
3.02491
4.35714
0
3.29167
2.52174
2.29412
3.25
3.3064
1
2.54741
2.77
1.8
4
2.88889
3.09524
2.8162
2.34783
2.76543
3.44491
3.09859
0
3.375
2.17308
4.05291
3.36735
0
4.14719
3.78571
2.43243
3.15854
2.77273
2.35938
3.10902
2.83333
3.35789
2.68085
2.57407
0
3.02941
3.35172
3.49206
3.79555
0
2.5625
4
3.4
3.25
2.825
2.33562
3.15
3.48697
3.44444
3.19716
3.27925
3.33333
2.75887
3.70161
3.5
3.14286
3.0679
2.85764
2.56757
1.80769
3.29412
2.47368
1.31818
3.16
2.08333
3.1374
2.2005
3.81338
2.61111
3.07692
2.31724
3.5
3.33333
3.30556
3.66667
2.5
3.58333
3.04636
2.71429
2.55801
3.65385
3.7093
3.4209
3.33333
2.46667
2.42857
2.63158
0
2.09091
2.46591
3.64052
2
3.22581
3.63636
2.66667
3.875
3.66667
3.48544
4.13714
1.66667
2.81818
3.1
3.54202
3.28571
3.03665
4.06849
3.81633
3.32432
2.5
2.68421
2.70423
2.83333
3.26625
2.75
3.47826
3
1.87193
0
1.5
0
3.25
2.25743
3.6
3.83333
3
3.27932
3.44444
0
3.42735
3.30435
3.95556
3.73077
3.40113
2.86667
3.14286
0
0
0.15
3.73995
2.84746
3.16667
2.77778
3.76845
3.21429
3.05206
3.42133
3.08304
3.35976
2.51807
2.62105
2.49107
2.8642
3.7785
1.73846
3.46875
3.40567
2.71171
1.64179
2.86905
2.72
2.11628
2.92529
2.75385
2.65909
2.33945
3.58829
2.74545
4.05206
3.35169
3.32727
2.9
3.28037
3.62115
3.09367
4.2195
3.42818
3.33671
3.28235
2.4
2.21094
2.72
3.91383
2.51852
3.076
0
3.01835
2
3.59184
2.45
3.66165
3.80079
2.4
3.77847
2.53571
3.87239
3.05405
3.87547
2.63158
3.43584
2.81818
2.87778
3.47423
3.85185
3.34
2.88235
3.25
3.71123
3.31034
2.42857
3.21429
3.5
3.17241
2.85714
3.56742
3.19318
2.65
3.83919
4.2
2.685
2.6
2.77876
2.53846
3.45946
3.5
3.18182
3.57009
3.7695
3.99618
3.09091
3.13328
2.75676
3.82911
1.95833
3.79095
2.1791
3.86169
3.76147
3.72414
3.5
3.15596
3.07715
3.50329
3.15476
2.95892
2.55
3.71795
3.72611
3.6875
3.57143
0
0
3.50323
3.41549
2.55298
2.93548
4.17636
0
0
1.87662
0
1
0
3.25318
3.04329
2
3
0
2.97582
2.57143
4.04462
1.28571
3.58344
3.44019
0
3
3.73913
2.77372
3.22857
3.31818
3.68923
3.72727
1.875
3.73838
3.10976
3.82587
3.20152
0
1.3617
0
4
0
3.90909
2.67532
2.76364
3.48953
3.82265
3.4
2.19048
2.65534
3.20202
3.3866
3.53333
2.54902
0
3.65
3.98039
1.87368
2.73568
3
0
3
0
3.13793
3.47368
2.6383
2.43043
2.5
0
0
3.48955
2.66359
4.125
0
2.5
2.92727
3.95014
3.38889
3.5
3.95604
0
2.96226
3.17188
2.38462
3.43046
4.5
2.4
4.00599
2.57143
3.41315
3.04348
3.0339
3.44569
2.89286
3.41176
3.80556
3.55807
3.69231
3.47727
3.36
2
2.9604
3
0
2
3.19431
2.04762
3.36538
2.66667
1.55
4
3
5
2.58471
0.2
3.00379
3.93915
3.28962
3.31111
2.6875
2.26087
3.38125
2.94737
4
3
3.86207
3.75083
3.25
0
3.0452
2.57143
2.84615
4
2
2
3.02083
2.39815
3.05556
3.08333
3.26744
3.53125
3.77273
3.33333
2.05051
2.21831
2.72727
3.55556
3.08995
2.42105
2
2.31373
3.51389
4
3.2
3.76062
3.37037
3.40244
3.16648
2.5
2
3.90909
3.42308
2.77941
2.32465
3.43288
3.34564
3.69243
2.75
2.48333
2.99483
3.87755
2.42857
1.88889
3.37
3.7619
2.91083
3.23856
3.10638
3.50376
3.64286
3.2
4.16393
4
3.1
3.33333
3.48673
1.5
3.21875
3.74286
3
3.49297
3.7561
2.92979
3.79736
3.82635
3.80914
0.2
3.50708
3.19189
3.14051
3.17241
2.81044
3.79119
3.42308
3.90445
2.63454
3.88889
3.1875
4.19403
3.37931
3.78571
3
4.03111
3.27778
3.38095
4.01299
4.02804
3.87805
3.73016
3.90984
4.12288
3.89011
3.80531
4.03361
3.27869
4.09615
4.26975
3.97561
4.05782
3.85859
4.23288
4.12931
3.69484
4.11312
4.09872
3.94331
3.79646
3.99014
3.79653
3.60755
3.65335
3.97642
4.05338
3.8773
4.05159
3.80795
3.68309
3.64646
3.63718
3.87979
2.32117
2.64179
2.23967
1.995
2.1814
3.04101
2.4269
1.9799
2.17751
2.07895
2.17857
2.15385
1.83838
3.71485
2.75385
2.09524
2.41085
2.11905
2.32967
2.09804
1.46667
1.6875
2.70293
2.11278
1.89691
3.68428
2.42308
1.83036
3.95593
1.76991
2.74803
3.88691
3.545
3.25436
3.26804
2.51344
3.49721
3.56155
2.67692
2.53333
3.51896
4.08247
3.3437
3.24216
3.45498
3.17778
3.45263
2.66055
2.98765
3.73854
4.56051
3.97154
3.35406
3.5315
3.34496
3.31757
3.34389
2.68944
2.44961
4.33735
3.67105
0
3.02703
2.925
3.165
2.77288
3.10526
2.21875
3.53704
2.90404
1
2.94531
2.66897
2.63212
3.27215
2.53846
3.45455
3.46642
3.18182
3.49618
3.32432
2.53846
2.55446
2.86885
2.25722
2.93301
2.83333
3.5
3.34066
3.60826
3.28358
2.99454
3.57143
3.2
2.5
4.07393
3.59916
4.15094
4.0656
3.88281
3.78571
3.9053
3.92982
2.91089
3.66667
3.52381
3.74074
3.763
3.49351
3.81627
3.57143
3.8044
3.75652
2.88643
3.60687
3.12903
3.59646
3.55172
3.65993
2.59448
3.19665
3.4739
2.84946
2.43558
2.85145
3.1087
2.97345
3.71037
3.48826
3.14474
3.60181
3.43078
3.53333
3.38579
3.08108
3.33962
3.35567
3.28804
2.68844
3.70667
3.74346
3.26431
3.22756
3.48844
2.1519
3.6875
3.67613
3.33333
3.71942
3.70248
2.27211
2.94215
2.73061
2.44635
2.86977
3.16947
3.71394
2.74545
3.5
3.32
3.75
3.83224
3.73333
4.07407
3.27542
3.42353
3.20168
3.14865
3.82294
3.84262
3.85095
3.65303
3.42822
2.83085
3.27042
3.71071
3.36652
3.1108
2.54978
2.88554
2.25243
3.72662
3.17188
2.11594
1.99653
2.78571
3.31461
3.77778
3.25
2.6
3.47945
3.81882
3.60515
2.41243
2.6068
2.05
3.37615
3.52083
3.47713
3.07595
2.67692
2.55285
3.68878
3.25
3.56364
3.56693
3.83333
3.89529
3.21687
3.66316
3.15385
3.32759
3.5678
3.58163
3.93296
3.59864
3.58824
4.30498
3.57692
2.76448
3.71429
2.84615
2.8
3.28571
3.49563
4.00888
3.00741
2.44444
4.18182
4
0
2.5
3.4
3.94366
4.27039
3.82022
3.51515
4.01198
2.875
4.18593
3.3
3.7037
3.52632
3.82677
1
3
3.5
0
1
2
3.4
0
3.09091
0
3.33333
0
0
3
3.52381
0
0
0
3.6087
3.46781
1.6
1.875
2
3.60891
3.59091
3.83117
3.74227
3.5084
2.77519
2.5
3.74778
1.85714
3.4144
2.71429
3.09315
4.01751
3.19247
3.14516
3.5
3.01613
2.56364
2
2.60759
2.375
2.94118
3
2.71642
2.79592
3.32919
3.15644
3.10286
2.59036
2
2.87179
2.94595
3.93208
2.73733
0
3.28947
3.45536
3.5655
0
3.3662
3.71429
2
3.5273
2.71681
3.432
3.45455
3.51899
2.91803
3.7907
3.88889
2.51163
3.43929
3.78543
3.96319
3.28099
3.59267
2.5
3.24
3.48372
3.81081
2.38194
3.10704
1.86667
3.75
4.14438
3.5903
3.78453
3.92
3.57143
3.48
2.48889
2.63158
2
4.5
3.79851
3.41702
3.82779
4.01313
3.13462
2.36735
2.98305
2.625
3.90313
0
3.10695
3.69689
2.93103
3.94286
4.33015
3.13445
3
2.85
2.84971
4.22656
4.16304
3.22346
3.25
3.81315
3.12435
2.92619
4.02985
3.20635
2.20339
2.92593
3.25291
3.27273
3.72727
2
3.42289
3.37209
3.30667
3.73684
3.55263
3.61078
2.78947
4.20721
3.8747
3.68725
2.78014
3.85437
2.89583
4.28372
4
3.87909
4.30769
3.24051
2.84906
3.31894
2.77686
2.77206
3.65608
2.75728
1.68966
2.95476
3.51408
3.59432
2.96639
2.48148
2.93033
2.89234
3.26769
2.94536
2.99758
2.38667
2.03061
1.91379
1.76667
1.65772
3.29063
2.57534
1.9661
2.77419
3.46667
2.65152
3.69091
3.75168
2.23415
3.3482
3.57439
3.84098
4.12748
3.30435
3.96053
2.66816
2.86047
3.76923
2.82544
3.57179
2.34219
3.16345
3.68922
3.53777
2.52896
3.17753
2.87531
2.64533
2.10219
3.24831
3.3905
2.8
3.14972
2.94595
3.07273
3.2029
3.41785
2.67715
2.12238
3.58835
3.38067
3.62069
2.96296
3.39851
2.77778
2.82778
3.11111
3.13713
3.13699
3.35948
3.63333
3.08081
3.59016
3.64706
4
3.61111
3.3617
3.03846
3.825
3.59524
4
2.7973
2.53968
3.06015
2.34921
1.53125
2.09908
2.64602
1.68421
3.25
3.35833
3.44071
2.31338
3.38224
2.47692
3.22267
2.35345
2.09677
1.83333
3.46105
2.625
2.02381
3.46154
3.90123
2.77005
3.27668
3.42654
2.62802
2.97849
2.40933
3.46064
3.30216
3.34667
2.28571
3.11775
2.27273
4.5
3.6
3.33333
2.92
2
3.05122
1.77778
2.42857
3.85882
0
3.50582
2.73913
2.85612
4.14286
4
3.60204
3.36389
2.83529
2.33333
3.53846
2.59664
4.13776
3.8211
4.66667
2.88398
2.86397
3.34356
2.98148
0
2.77778
3.66667
3.86585
3.94737
2.96066
2.06034
1.78846
1.84444
3.06227
3.47279
3.22917
3.14525
2.63095
2.35443
2.30952
3.0188
2.23529
2.36641
3.42138
3.46965
3.71256
2.94521
2.83333
2.84358
3.03896
2.52941
2.84874
1.89189
1.94118
3.6
3.39448
3.03205
3.22182
3.8976
3.5
2.77778
2.83333
2.94083
0
2.22857
2.22857
3.50273
3.29101
2.21622
3.35616
3.17647
1.70122
3
3.4
2.74468
2.59259
3.11111
3.03817
3.77778
3
0
3.9543
2.425
3.20199
2.10748
3.77778
3.59804
4.31583
3.42203
3.41667
2.66834
4
2
3.28571
3.5
3.7931
3.85477
3.16827
3.10606
3.60851
3
3.85417
2.96
2.96078
0
2.73438
3.04167
2
3
3.73529
3.95161
0
3.62319
2.60938
3.01689
3.93031
3.2561
0
2.83333
0
0
3.1686
2.72464
4.08824
2.6
4.22388
3.87805
3.91096
4.08824
3.09609
1.93182
3.01058
2.68269
3.32175
3.8913
3
3.69444
3.65217
3.3494
2.75
4.08824
3.07576
3.57143
3.42857
3.40978
2.75
3.5122
2
3.27273
3.53704
3.24731
3.03226
2.46154
2.66667
2.83333
3.20245
3.53682
3.1645
2.33659
1.88855
3.82773
3.34314
2.87179
3.19231
3.97537
3.32308
2.75758
3.14634
2.92157
2.7619
3.76119
1.76596
2.77419
3.29116
3.09091
3.17391
3.8963
3.3617
3.85841
3.07547
3.91242
3.42254
3.21429
2.62069
2.5348
3.73832
4
3.66282
3.18926
3.85714
2.69231
3.4
3.13534
4.05652
3.12
2.6
0
3.60465
4.05682
3.38842
0
3
3.96226
3.66516
3.14182
3.39024
3.7
2.95
4.22481
3.85714
3.13527
2.18182
3.69136
3.72917
0
3.00293
3.76262
2.15854
3.07089
3
3.07317
2.71429
3.70986
3.50395
3.82979
3.17672
3.03153
3.5625
3.20106
2.50119
3.25287
2.22727
3.90555
2.90619
3.13055
2.38235
2.16622
3.76471
2.87291
3.01055
3.12
3.74737
4.16923
3.46875
4.01878
3.86567
3.5503
4.32086
3.97973
2.44
3.35837
2.8976
3.43556
2.91304
3.4557
3.85556
2.64706
3.01639
2
3.375
3.68421
3.8952
3.33155
3.3118
2.05109
3.21839
3.69825
2.81481
2.96216
3.49123
1.83333
2.67742
3.21875
3.82222
2.83871
3.35116
3.42857
4.04748
4.40626
3.64187
3.6
2.71429
3.51515
3.08
3.23077
3.22078
3.26203
2.88889
3.03252
2.92857
3.51471
3.28571
3.76923
2
2.55172
3.62029
3.18293
3.1746
3.50467
2.6
3.20635
3.04
2.41667
2.90123
4.13747
2.99394
2.65574
3.97052
2.98029
2.75472
2.92208
3.84153
2.95
3.8558
1.925
1.55556
3.04545
3.51648
3.08824
3.27457
4.23891
2.8683
2.63317
1.75824
2.512
2.55
3.92683
4
3.23913
3.65517
2.625
2.5941
1.86486
1.64
1.60345
4.04075
3.56604
2.66667
3.04943
2.5
3.92857
2.75
3.15867
2.44207
2.10744
2.95541
3.54545
3.25
0
3.66667
3.55556
2.53571
3.29448
3.38095
0
4.3
2.89976
3.62628
3.45238
3.86957
3.18072
1
3.36747
3.90909
3.95122
2.8
2.71429
2.44361
3.7378
2.89286
2.36364
2.3
2.77778
3.69674
4.31806
4.23431
3.25781
3.15254
2.58427
3.88996
2.82143
3.05
3.68844
3.43464
2.30159
2.66667
3.59067
3.94102
3.81267
2.68182
3.52239
3.25773
2.65116
3.01422
2.26471
3.46626
3.45833
3.20102
2.79661
3.54874
2.57143
3.36066
2.24242
2.25
2.78151
3.43554
3.80705
3.49189
2.5
2.88095
2.625
3
3.32143
3.25
2.7451
3.54701
2.68323
3.20303
2.42073
2.05102
3.76471
4.6087
2.328
2.44601
4.01412
4
0
3.28571
3.67932
3.29412
2.18182
3.64042
3.68236
4.03175
4.11745
3.89514
4.19
3.88328
3.74689
3.41176
3.90977
4.22807
3.35056
4.08081
3.33766
3.47442
4.4
4.3
3.95763
3.44444
2.4
4.1931
4.09317
4.28846
3.74194
3.5
4.00935
3.61429
3.09945
3.78125
4.00424
2.67857
3.7732
3.97101
3.88961
3.87461
2.33237
3.99425
3.74731
2.39296
0
2
3.13475
0
0
4.07719
2.75
2.81786
3.4
3.70588
3.33333
2.02778
4.05594
3.74803
3.69376
3.91209
3.95918
3.82334
4.01538
4.05
1.83582
3.03604
3.07181
2.91111
2.84466
2.18919
0
3.73333
2.10526
3.98765
3.44444
3.45159
2.38134
3.67982
3.63889
3.50118
3.2
3.59242
2.48387
3.70545
3.5
2.30792
3.42857
4.12539
3.53846
4
4.14783
1.66667
3.91429
3.25
2.48016
3.37656
4.05882
4.01356
3.72549
0
3.6
3.61074
3.4
2.89231
2.91837
3.375
3.15884
2.52885
3.47581
3.92067
3.45229
2.86111
4.36893
0
2.34783
3.28571
1.5
1.14286
3.76259
3.27368
4.40465
2.15094
3.54018
3.28365
3.74344
4.14964
3.22989
4.04399
4.2027
3.82837
3.31111
1.69863
1.55385
1.725
3.85592
3.09322
3.49412
3.55556
2.35211
3.24324
3.125
2.95031
3.71284
3.0176
1.97794
3.39024
3.66667
4
2.16667
0
3.83124
3.88
3.97159
2.71942
2.5
4
3.70103
3.89235
3.86508
3.81818
3.38789
3.76453
3.78673
3.24242
3.78829
3.98551
3.70968
4.22727
3.65161
3.88276
0
3.51689
3.37979
4.08629
3.5
2.5
3.58025
3.47868
4.08989
4.35714
4.14124
4.28369
4
3.69712
3.85149
4.13436
3.95699
4.03883
3.83212
3.2381
3.75602
3.66958
3.64344
3.05882
3.85621
3.78088
3.24
3.44124
3.62646
3.21875
3.39394
3.69953
3.37143
2.62943
4.21893
3.16364
2.72727
3.30137
3.5303
1.66667
3.01538
3.55556
3.37931
1
3.32353
3.515
4
3.23214
3.45098
3.70139
2.37288
3.5
3.63158
3.71429
4.33939
3.94872
3
3.8125
3.19697
3.17647
3.44444
3.04839
3.38462
3.69697
3.26531
3.35907
2.76299
4.15466
3.95218
2.44444
3.68333
2
3.97175
3.61628
3.5
3.41441
2.90601
3.15
3.63636
3.80574
3.89299
3.47368
2.47619
3.70395
4
2.62295
1.16667
3.63253
3.77113
3.51383
0
3.92
5
3.12629
3.48454
3.77141
3.50338
2.60119
3.84872
3.41333
2.2
3.71166
3.95968
3.62222
3
3.41206
3.47796
3
3.7037
3.64333
2.14907
0
4.08333
0
3.30455
0
4.22843
3.30279
4.07385
3.34722
3.84884
3.95265
1
3.67807
3.66176
2.25
3.24812
3.2
2.76136
0.05
3.83747
3.51515
2.5
3.56034
3.3299
3.18182
3.33333
3.35165
3.1875
3.25503
2
3.41379
4.16667
3.41379
4.05195
2.68852
0
0
1
4
3.66667
0
4
5
0
3
3.5
1
2.13483
2.37838
3.27273
3.66071
3.66667
2.50171
3.69565
4.8
3.90316
3.16817
2.5396
3.13529
3.40164
3.38043
3.71351
3.60089
2.88453
3.67971
3.75
2.85942
2.75444
3.36973
3.72917
3.48252
2.96933
3.18891
3.0918
4.13761
3.65584
3.68737
1.78212
3.20335
3.285
3.84756
3.20468
2.7331
3.10731
3.61957
2.65217
4
0
0
5
4.04082
3.7
3.46667
3.73333
2.70213
2.21311
2.72868
3
3.76923
1.5
2
3.83333
3.4
2.5
3.5
3.7931
2
3.45932
2.29545
3.30074
3.37874
3.33962
3.5
3.57143
4
3.95833
4.38745
3.19728
3.66667
3.79032
3.78788
1
2.25
3.25
2
2.76817
3.9496
3.48936
3.10714
3.51111
2
2.75
3
2.76316
2.33125
2.85556
3.52985
3.84395
3.81481
3.75926
2.31429
0
3.5
4.08243
2.66667
3
3.5
4.44444
3.74419
2.80282
4.03955
3.8565
2.375
2.6
3.13043
2.8
3.98113
0
3.4
3.97203
3.26667
2.66667
4
2.59521
2.87584
0
3.76699
3.68161
4.08077
3.91864
3.83744
3.96993
4.02626
3.92715
4.08571
3.81132
3.37209
3.65079
0
3.43023
3.70833
3.55357
2.66667
2.6
3.33846
1
3.5
3.25
3.94737
3
3.5
5
0
3.80072
2.55319
3.75529
2.72254
2.71812
2.71053
1.66667
2.28125
1.93631
2.13725
2.67143
2.83636
3.85618
3.73743
3.5044
3.12644
2.51724
2.10619
3.34783
2.78125
3.45205
3.875
3.75238
1.66667
3.86388
3.27233
4.33333
0
3.37143
3.5
3.26
3.82609
3.94
3.58904
3.68031
3.15385
3.71357
4.05302
3.4
2.91892
3.88092
3.29114
3.19535
3.33784
2.94915
4.33577
3.34091
2.67059
2.26389
2.14583
2.26316
4.41561
2.78906
2
2.6779
2.12749
1.92021
3.27579
2.30769
3.8
3.22523
3.19424
3.41026
3.72222
3.73383
2.97059
3.41533
3.92
3.14199
2.48315
2.69767
0
3.93846
2.99291
3
2.77419
1
3.66572
4.23607
1.8
2.45
2.77778
3.54795
4.02151
4.24
4.27985
4.32609
4.01447
1.75
3.41667
3.1875
3.96269
3.57871
3.04428
3.33083
3.67343
3.62581
3.92862
3
3.0119
2.72848
1.5
3.1
3.72059
2
3.01801
2.64706
2.93939
3.57143
1
3.73668
3.75
3.22034
3.05208
4.00678
3.82579
2.71186
3.54647
3.51136
3.45455
4.02035
3.87324
3.36527
4.03342
4.04384
2.84783
3.75883
2.59091
3.68062
3.34762
3.16129
3.1875
3.76652
4.5
2.87037
3.34673
2.5625
3.87766
4
3.125
3.42697
3.13889
3.76914
3.65382
3.15576
3.47097
4
3.03704
3.7619
3.28571
3.06535
3.21905
3.74847
3.32353
3.66477
3.84615
2.75
0
3
3.92243
2.91753
3.90293
3.72197
3.79221
3.83577
3.79231
3.43125
3.93
3.84695
2.76829
3.45378
3.53965
3.6311
2.89655
0
3.66667
0
0
3.03846
1.92308
1.80469
3.26715
3.37171
3.4
3.26923
3.35135
3.9
3.37795
1.72727
1.46154
1.05882
3.33333
3.6831
2.65
4.10603
2.48529
3.06897
2.78571
0
0
2.76744
3.84211
3.39286
3
3.33333
0
2.85882
3.40764
2.5
1.61111
3.29834
3
2.53333
2.72973
3.4581
3.63107
2.82645
4
2.97959
3.33333
3.69672
3.09804
3.94083
5
3.40534
4
2.52941
3.06667
3.63333
3.75532
3.21956
3.21739
2.45652
3.2673
3.37127
3.26087
3
1.66667
3.83333
3.19573
3.65487
3.8125
2.46939
3.47664
3.41584
4.18909
0
2.66667
3.6
3.46176
4.25455
3.60575
2.77778
3.95
3.19172
3.62907
3.41667
2.75
3.07692
3.43564
3.35294
3.61111
2.44444
0.210526
2.66667
3.17007
0
1
3
3.79195
3.96414
3.78
5
3.66667
3.65217
3.21053
2.85987
2.20732
2.09783
1.86207
1.68519
1.73077
1.66667
1.91429
3.91573
2.38028
3.66667
4.04736
2.96795
2.32258
2.59574
3.82657
3.46734
3.88889
3.75556
4.27419
3.93617
3.91692
3.69048
4.21815
3.3743
3.59266
3.25424
2
2.73451
2.04255
2.04098
2.57143
2.2931
2.6978
1.85484
1.81132
2.55385
2.86781
3.19863
3.46127
3.58537
3.22421
3.66417
3.67408
3.1662
2.58421
3.40492
3.08439
2.98127
2.38938
2.25405
3.21212
3.23014
3.74118
3.13636
2.45455
2.37313
2.97432
3.31148
3.02222
3.66667
2.58333
2
3.72862
3.71795
3.07143
3.57143
3.70946
3.95946
3.41441
4.24945
3.39535
2.98592
3.83737
3.49123
3.98182
3.79487
4
3.45455
3.975
3.41438
4.07884
3.97009
2.5974
3.24228
3.38131
3.85507
3.75
3
3.13636
0
3.88027
3
3.74516
2.49515
3.35143
3.5
2.82353
2.75833
3.25714
3.48197
2.96429
1.33333
3.57143
2.64082
2.84783
2.53927
2.08654
2.16049
3.38421
3.47041
3.39735
1.66667
2.81871
1.96875
3.25
3.33333
2.18182
2.83333
0.15
3.09756
2.58621
2.72727
4.02979
3.23636
3.01142
3.25
3.85714
3.80894
4.19872
3.37255
3.06667
3.55556
3.82065
3.28099
3.40909
3.38462
2.2069
3.33477
1.62
2.33333
4.23116
2.41776
3.55556
2.53488
2.79412
3.25862
3.27358
4.02273
3.3978
3.13253
4.10278
3.55789
3.28916
4.02283
3.76316
3.1875
2.42857
4.02049
1.81081
2.64113
3.75714
3.59091
2.12821
2.76119
2.53827
3.38285
2.5
0
2.88
3.72043
3.28571
2.53571
2.82386
2.70787
3.90909
2.88764
2.61905
2.6383
2.54464
2.7549
3
2.63333
3.59314
3.39286
3.14493
2.96
3.1
4.04651
2.92308
3.95
3.69712
3.53846
3.65
3.66667
0
2.66667
3.15942
3.87805
3.1875
3.10373
3.1
3.2614
2.69231
3.23129
3.16667
3.33333
3.68064
3.08817
3.85714
3.83934
3.83333
3.66786
3
2.8
2
2.02198
2.83333
2.78472
3.5
5
3.27468
2.73333
2.375
3.11538
3
3
4.5
2.41481
3
1.71429
2.7
3.50268
3.19048
2.34043
3.31844
4.22636
2.73333
1.66667
2.78788
2.65094
3.125
3.5
1
3.875
3.15625
0
2.18478
2.68116
3.82
4.07306
2.3
2.90625
3.32857
3.51181
3.92449
3.11111
2.8024
2.22989
3.71212
2.6383
2.58974
2.57692
2.92308
3.85484
3.36111
3.58046
3.44175
3.9932
3.25561
2.03704
3.75
2.25
3.03571
3
3.72321
2.94074
1.92593
1.96154
1.73333
2.04545
1.78571
3.05208
2.11111
1.48837
2.26
3.47273
3.63573
4.11513
3.66667
3.9
3.78093
