10682
0
3.87247
3.40187
3.16102
2.38462
3.26786
3.88462
3.28302
3.8
3.15
3.45082
3.68902
2.86111
3.9375
3.45161
2.31818
3.94886
3.92442
3.28846
2.59783
2.53846
3.53684
3.35526
3.09091
3.04412
3.74257
4.1
3.14286
4.08333
4.025
4.05
3.17857
3.92347
3.60135
3.54545
3.9375
2
2
3.55
3.91667
4.02174
2.33333
3.625
2.69737
3.52326
3.16667
4.03483
2.92623
4
4.37065
3.63725
5
3.66667
3.33333
3.14286
4
4
2.82812
3.57143
3.68966
2.83333
2.4
2.025
2
3.5
3.81818
3.02083
2.42857
3.16667
4.11538
3.02632
3.33333
4
3.2
2.96154
4.625
3.25
3.8
3
4
4.0625
3.76471
1.66667
2.8913
3.44118
3.54167
2.22727
3.56818
3.17742
1
3.875
3
2.75
3.42857
3.88235
2.59091
4
3.29255
3.11458
3.46296
4
3.94518
4.22458
3.29592
3.2
3
4.75
3
2.8
3
3.8
3.05263
4
3
3.71429
2.7
3
4.5
2
2.875
3
1
3.47826
3.58065
3.32692
3.27907
4.33333
3.64286
4
4.33333
3.9025
3.5625
3.83333
2.78295
3.8125
3.05556
3.95455
2.375
2.87069
3.9375
2.34127
3.83125
4.13636
3.51587
3.55769
3.44366
3
4
3.11628
2.5625
3.28846
4.33333
2.57292
2.56429
2.25
3.95652
3.77778
2.88462
4.7
3.5
3.30682
1.8
5
4.5
3.10294
2.875
2.83333
3.125
4
3.83333
3
2.31429
4.29167
3.21429
2.80909
3.44186
3.33333
4
4
3
3.30435
3
4
3.6
3.375
2.75221
2.6
3.33333
4.22222
3
3.72222
3.02381
2.71429
3.33333
4.25
3
3.93182
3.9633
3.6
3.17308
3.15625
2
4.08333
3.7
3.11076
4.20833
4.26923
2.75
3.90385
3.35833
3.19118
3
2.93333
3.4
3.5
3.75
4
3
3
4.04098
3.65116
3.15385
3.375
3.25
3
3.06098
3.396
3
2.2
2.70238
3.57692
2.5
3.7
4.22165
3.71569
3.85
3
4.5
3.87903
3.4863
2.73077
4.25
3.66667
3.22222
3.5
4
3.12963
2.66667
2.8
2.86364
3.35714
3
2.875
4.11364
3.86111
3.28409
3
4
3.2
3.33645
3.46429
3.9375
2
3.30909
4.07197
3.33333
3
4.25617
3.75
3.75
5
3.71429
3.1875
3.33333
2.75
4.17188
4.14516
4.15909
5
3.6
2.71429
3.94118
2.90909
3.36897
2.96429
4.48714
3.97368
2.75
3.64286
3.64286
3.33333
3
4.07143
2.75
3.625
3.35088
2.7
3
3.2
3.32
3.07143
3
3
3.79545
2.8
3.44059
3
4.5
3.4375
3
2.87143
3.75
3
3.85714
3.9375
3.78696
3.32857
3.19231
3.35714
3.58955
3.5
2.20513
4.05425
3.68443
2.42857
2.5
3.38
3.45
4.5
3.7775
3
3.27273
3.07006
3.53521
3.05556
3.05224
3.25
3.05882
4.13889
2.1
3.66667
3.42553
3.56667
3.25
3.2619
3.51515
3.13793
3.10526
3.11538
3.25
3.66667
3.66667
4
4.1
3
2.66667
2.1
4
2.3125
3.05
3
2.5
3.15068
3.54
2.30769
2.5
2.83333
3.25
3.61538
3
2.6
2.63158
3
3.72222
3.39286
3
3.875
3.16667
2.42857
3.71739
2.55556
3.67188
2.65079
2.85714
3.08491
2.46364
2.2
2.75
3
1
3.56111
3.66216
2.96842
2.66667
3
3.11111
4
4
3.59091
3.5
3.4375
3.42857
4
2.4
3.47273
2.83871
3.33333
3.95305
3.75
3.5
2.5
3.3
3.42857
3.11111
3.5
3.16949
3.33333
3.30303
3.125
2
3.87755
3.5
1
3.8625
4.20968
4
3.59375
3.25
3.7062
3.34375
2.85
2.75
2.75
2.88679
2.5
3.5
3.125
2.625
3.42857
3.28571
3.7381
3.30435
3.47541
3.8125
2.66667
3.98333
2.66667
3
3.46732
4.1
2.4375
3.2
2.71429
3.11111
3.5
3.6686
3.75
2.3
3
3.5
2.5
3.64706
4.04348
2.92308
3.09375
2.13636
2.39583
3.06154
3.6
2.83333
3.33333
3.55556
1
4.30328
2.5
3.93333
3.56452
3.25
3.33333
4.2
3.88462
2.25
3.05
3.9
3.428
2.69444
4.03767
2.73684
3.34615
2.61111
1.73529
3
3
4.125
3.27273
3.65
3.14
3.48246
3
3.88571
3.9
2.66667
5
3
3.71667
3
3
4.5
4
3.5
2.5
4
1
3.33333
3.57143
2
3
4.23529
4
3.07317
3.1124
3.3254
3.67442
4.00633
3.71782
3.39796
4.13816
3.66197
3.75
3.58333
3.36054
4.03571
4
3
3.34211
2.75
4.2567
3.10714
3.34848
3
2.66667
3.5
1.5
3.5
3.46429
1
2.125
3.25
3.33333
2
3.33333
3.88
3.5
3.25
4.5
4
3.85714
2.75862
4
3.2
3.33333
3.62903
3.53274
3.1875
1
3.1129
3
4.25
3.63208
3.11111
3.41176
3.5
3.4
3.66667
4
3.16667
4.0303
2.68
2.69048
3.83333
4
3.91667
3
3.125
3
2.45
4
3.35714
2
2.85
4
2
3.33333
3
3.14286
5
3
3
2.83333
3.11111
3.40164
2.875
1.5
3.22222
3.54545
2.66667
3
2.80882
4
4
4
3.11111
2.375
3
3.96875
2.75
3.73704
4.125
3.25
2.36667
4.14815
2.75
2.68182
4.19355
2
2.75
3.27273
4.20952
3.5
3.66667
2
3
4
5
3.33333
3.11111
2.46154
5
2.80556
4.22222
4
3
2
4.14113
2.625
3.48394
3.75
3.33333
3.35714
2.55085
3.33333
3.1087
4.5
3.08088
4
3.41667
3.22917
4.07143
3.20833
3.32639
4.25
2.89286
3.76531
2.88889
3.25
2.75
2
2.66667
3
2.60714
5
3
3.375
1
3.13462
3.5
3.56579
2.625
3
3.16667
2.57692
3.66667
3.81707
3.27273
3.5
3.71429
2.33333
3
5
4
3.45455
2.69643
4.5
3
3.25962
4
4.4875
3.5
3.5
4
3.87037
3
2.75
1.66667
5
4
5
3.3
2.38
3
2.66667
2
1.5
3.66667
4
2.22222
3.78571
4.66667
3.66667
3.625
4.35135
4.19531
3.95455
3.91667
3.59091
4.22464
4.31522
4.38
3.65385
4.09091
4.27011
3.80303
3.94697
4.11111
4.23504
4.3871
3.64706
3.8913
4.01923
3.6875
3.57143
3.95726
4.04412
3.9
4.29487
4.2
3.88618
4.43421
4.5
4.17391
3.8
4.11905
3.8125
3.59375
3.96552
3.58333
4.08333
3.69231
3.8
3.81818
4
3.97222
3.875
3.88462
4
3
4
4.3
3.68182
3.59091
3.59375
4.20588
4.21154
3.35714
4.15278
4.22581
4.06667
3.16667
4
2.5
5
3
3
2.5
3.84375
4
4.11111
4.42
3.5
3.79412
2.5
4.28571
3
1
1
3
4.5
3.53571
3
3.75
2.5
3.5
2.5
4.25
3.25
2.66667
3.66667
3.34375
3
2.5
2.5
3
2.72727
3.5
3.25
3.02941
3.61111
3.60526
3.38095
3.3
3.26087
3.1
3.26471
3.4
3.66216
3.32759
3.17857
3.56364
4.08824
3.25
3.59615
2.5
3.11364
3.8141
3.70238
3.22222
3.5
3.61224
3.52381
3.95
3.94375
3.86424
2.83333
4
3.86538
3.4898
2.375
3
3.875
3.21667
3.61905
3.55556
3
2
1.5
2
4
3.82353
3.52586
4.22619
3.54545
4.33333
3
4.40909
4
3.5
3.66667
3.75338
3.75
4.05128
3.84211
3.97191
3.85714
3.67241
3.6875
3
3.875
3.5
3.94231
3.75
3.35849
4.16288
3.93382
2.62963
3.29464
3.11111
3.92
3.87037
4.03846
3.76875
3.54545
2.57895
3.32432
3.9375
3.9125
1.75
3.9375
3.66667
2.42857
3.16667
3.62121
4
3.60714
3.41071
2.72727
3.61268
3.41667
3.3125
3.75
4.08824
3.65625
3
3.34783
4.22414
4
3
4.4375
4.09333
3.8
4
3
3
1
4.0625
3.6
2.5
1
1.5
2
3
4
3.58065
4.26087
3.21053
3
4.16667
3.77778
3.76923
4.36667
3.85
3.66667
4
3.60135
4
3.75
3.63793
3.5
3.39706
4
2.1
3.55
4.38889
4.25694
3.73333
4.23291
4.20859
4.19318
4.03226
3.924
3.9386
3.64286
4.30405
4.21569
4
4.18125
4.13839
4.21875
4.05991
4.21053
4.25
4.20229
3.98819
3.81731
2.9
4.42308
4.21429
4.25325
3.89362
4.38519
4.03365
4.08974
4.18182
4.155
3.57692
4.18182
4.35
4.09375
3.91111
3.85
4.16667
4.01587
3.78409
3.8
4.28125
4.14706
3.95886
3
3.83621
4.04545
3.96296
3.85185
3.78421
4.1236
4.23684
3.91026
4.13846
3.825
4.33553
3.8
4.3
3.54167
4.13235
3.8125
4.0297
4.09375
4.2619
3.78788
3.94898
3.86458
4.28571
3.83939
3.88596
4.12245
3.47059
3.94595
4.01549
3.7
4.1
3.73684
3.83824
3.42857
4.27174
4
4.08784
3.75
4.15789
4.04348
3.75781
4.11905
3.98438
3.80328
3.63889
3.8913
4.08537
3.92308
3.58333
4.01701
4.08929
3.97826
3.11765
3.82258
3.375
3.64583
4.27143
4.05263
3.83333
3.57463
3.93333
4.17333
4.29167
2.85714
3.91954
4.5
0.5
5
4
3.18182
3.63158
2.5
2.25
1
1
2.66667
3.11538
1
3
3.42857
2.33333
3.5
3.7549
3.13333
4
3.5
2.83333
3.29808
3.75
4
3.05882
3.74359
3.63158
3.67568
3.11111
3.28125
3.80952
4.5
3.36
4
3.5
2.96154
3.975
2.5
3.87805
3.94595
3.88636
2.13636
4.15385
3.35714
3.6
3.96154
2.95946
2.5
3.28788
3.05319
3.26596
2.78
3.75
3.31481
3.5
3.08594
3.25
2.82143
3.47778
2.44737
2
4
3
3.77778
2.75926
1.79167
3.5
2.99375
3.375
3.69811
3.95
3.42857
3.61765
3
3.5
3.5
3.5
2.75
3.03261
3.25
3.41096
3.61628
2.98485
2.75
4.16
3.5
3.7
3.5
3.18182
2
3.6
5
3.1
4.25
2.94444
3.2
5
3.65385
2.5
2.72222
3.4
3
3.5
2.68182
3
3.375
2.5
4
2
3.83333
2.83333
3.87931
5
2.35714
3
5
1.5
3.05
3
3.05
3.33333
2.71429
4.5
3.7
4
3.88462
2.33333
4
2
1.66667
4
3.52174
3.07143
3.58333
3
3.27778
3.83333
3.19014
3.1875
3
3.5
0.75
4
1
2.83333
3
2.01786
3.96875
3
1.75
2.66667
4.5
3
3.33333
3.25556
2.95
4
3.3785
3.23077
4
1.5
2.16667
3.67797
3.83333
5
2.5
3.8
3.97222
1
2.875
3.8
5
2.88806
4.25
2.5
2
3
3.26271
3.33333
4
1.65217
2.14894
5
4.5
3.5
3.29808
2.5
1
4.16667
3.45181
5
3.66316
2
3.5
1.5
3.72826
2.75926
3.33333
3.08824
3.39474
2.95652
2.7
2.78571
2.78571
3.42857
1.83333
2.33333
3.35227
3.75
1.75
2.125
3.5
1
2.4
3
2.8
2.25
3.26429
3
3.89691
4.08333
3
3
3.36
3.65
3.53571
4.12
3.44737
3.375
3
2.3
4
3.92105
1.66667
2.86364
3.4
3.5
2.5
3.375
3.82353
1
3.56923
1
3.77344
2.375
4.05
2.51667
3.45833
2.57143
2.66667
3.16667
3.83333
4
3.67857
3.5
3.5
3
3.375
3
3.125
3.7
3.25
2.75
1.83333
4
3.8
3.5
3.66667
3.91935
4.04464
3.09722
3.7381
3.69231
1.88889
3.88686
3.75
3.4
3.6
2.95238
3.68182
3.29167
3.03333
5
3.66
3.8125
2
3.66667
3.5
2.90625
2.6
4.14013
2.22222
3.375
2.5
3
3
4.19565
3.33232
3.28571
1.92857
3
4
3.69298
3.9
1
3.99583
2
3.84615
2.93333
0.75
2.5
2.5
3.45763
3.67647
2
2.92857
3
3.80769
3
3.5
3.5
4.5
1.80769
3.125
3
2.61111
5
3.13333
3.23571
2.73684
2.66667
3.72222
3.8
4.25
3.25
3.36364
3.75
4
2
3.83333
2.33333
3.55556
2.81818
3
3.23077
1.5
2.25
4
3.53333
3
2.5
5
3.11111
3
3
0.75
4
2.13462
2.72727
3.91304
3.3913
2.88889
2
2.25
2.875
3.25
4
4.125
4.5
2.7
3
4
2.4
3.3125
3.41667
5
4.66667
2
2.3125
2.21429
3
3.16667
3.6
4
3.65385
3
3
3.14583
3
4
4
2.17857
3.29032
3.625
3.66667
1.5
2.66667
2.93333
3
2
3.26087
2.91304
3.07143
3
3.21429
3.7
3
1
4.5
3.875
3.60714
3.2234
4
2.75926
3.75862
3.78571
3.65385
3.67857
3.04425
3.05952
4
2.76471
3.7375
3.66667
3.55285
3.55556
4.25
2
4.28571
3
2.85714
4.25
2.75
5
4.16667
3.875
4
3.5
4
4.63636
4.07143
4.41667
4.33333
3.33333
3.925
4.44828
4.20833
3.98889
4.45833
3.6
3.90909
3.57143
4.0641
4.02174
3.78986
3.83871
3.8871
3.94048
3.86765
3.8
4.03226
3.96639
3.625
4.15
3.9
3.6875
3.58333
3.625
3.98291
2.6875
2.6
2.66667
2.6
2.33333
3.08824
1.94444
2.16667
1.66667
2.5
2.25
3
2.33333
3.53846
3.1875
1.875
2.2
3.5
2.5
3
2
3
2.95
2
2
3.72368
2.375
1.75
3.72656
3.5
2.66667
3.58889
3.21053
2.97436
3.17021
2.57143
3.67647
3.42727
2
1
3.47059
3.98077
3.4798
3.26596
3.17857
3.16667
3.26316
2.5
3.14286
3.45588
4.27778
3.92647
3.08333
3.42308
3.4
3.33333
2.88462
3.2
2.1875
3.94503
4.2
3.25
3
3.04167
3.22222
3
2.5
3.66667
3.5625
3.5
3.33333
3.33333
2.75
3.5625
2.25
3.4
3.82353
4
3.875
2.5
2.83333
3.75
3.28571
2.35294
2.74342
4
3.5
3.75
3.62121
3.22222
3.04167
2
1
4.39286
3.61905
4.07143
3.65909
4.2
3.77778
4.03846
3.75
3.05263
4
4
3.83333
4.03659
3.33333
3.73913
3.5
3.68627
3.67949
2.72727
3.64286
2.9375
3.37805
5
3.63158
2.54
3.54167
3.67857
4
2.69231
3.55556
3.26562
2.25
3.7
3.75
2
3.7
3.16346
2.5
4.28571
3
3.66667
3.47872
3.65
3.2
3.69231
3.69608
3.36667
3.30769
3.29412
3
3.65217
3.76531
3.42105
3.92308
3.7
3
3.16667
2.77778
2.31818
3.15
3.28571
3.75
2.80435
3
4.125
4.5
4.19565
3.11364
3.13889
3
2.69444
3.8
4
3.22222
3.67857
3.36538
3.25
3.36667
3.82609
3.38095
3.16667
1.8
3.66667
2
3.51389
3.7
2.25
2.15385
2.66667
3.3
3.125
3.73611
3.30263
2.66667
3.16667
1
3.92857
3.6875
3.31034
3.375
2.75
3
3.875
3.5
3.4375
3.83333
4.25
3.55556
3.5
3.6
4
3.72222
3.6875
4.26087
4
2.63333
4
2
0.5
3.20238
3.91026
2.78571
3
4
4.5
4.36364
4.4
4.16667
3.5
3.7
4
4.07143
4
4
3.5
4
4
4
4
3.84722
4.11905
2.5625
2
3.33333
3
3.15385
2.83333
3.94444
3
3.56
2
3.40625
3.93617
3.46154
3.2
3.53846
2.75
3
2.4
4
3.5
2.5
2
3.75
2.70588
3.375
3
2
2.66667
4.5
3.86184
2.7
3.625
3.7
3.55814
3.16667
3
3.5625
3.40909
3.5
3.28571
4
5
3.33333
1.66667
3.5
3.92424
4.20455
3.25
3.84831
4
3.27358
4
2.5625
3.03846
4.21212
3.66667
3.55263
4.02381
4.25
4.5
2.8
4
4
3.33333
3.73333
3.85714
3.5
3
2.78571
4.32609
2.75
3.625
3
2
4.02525
3.625
3.9
3.5
4.02336
4.66667
3.77778
3.6087
3.34375
3.30769
3.72917
3.58333
2.5
3
2.93478
3
4.33333
3.75
3.07143
3.33333
3.45455
3.77273
3
3.85714
3.77778
3.47761
2.5
3.60952
3.15
4.31818
4.13333
3.36364
3.8125
2.75
3.86364
2.75
2.8
3.93478
2.72727
2.66667
2.97143
3.33333
3.375
2.5
2.58333
3.1875
2.70455
3.18421
2.5
2.63636
2.42105
1.83333
1.96429
1.80769
1.70833
3.11667
2.25
3
3.03846
4
2.69231
3.40909
3.75806
1.85
3.47059
3.51429
3.96324
3.96694
3.5
3.65909
2.25
2
3.64286
2.53571
3.47222
2.23077
3.32258
3.58462
3.2093
2.4375
3.47059
3.07143
2.83333
2.63158
3.13158
3.33333
4
2.71429
3
3.5
3
3.36842
2.57407
2.23684
3.74
3.24167
3.6
3.34722
2.59091
3
3.8
3.10714
3.9
3.15789
3.75
3
3.5
3
4
3.4
4
3
4
4
2.625
1.4
2.92308
2
2
1.79167
3.83333
3.28571
3.67857
3.39362
2.21429
3.2
3
3.5
3.4
3.25
2.125
3.725
2.5
4
4.23913
2.96667
3.31818
3.23333
2.61364
3.25
2.05556
3.82353
3.5
2.66667
3.25806
2
3.75
3.25
2.75
3.18966
3
3
3.8
3.5625
3.1
3.1
3.5
4
3.875
3.30952
1.8
2.33333
3.5
2.16667
4.1
3.91509
3.5
2.30556
2.75
1
4
3.02778
2.125
2
0.75
3.375
3.33333
2
3.36667
2.77778
2.40909
2.66667
3.4
2.7
3
3.38462
3.30357
3.63158
2.875
2.66667
3.14286
2.73077
3
2.66667
3.16667
2
3.2451
3.1
3.12745
4.12838
4.25
2.375
1.125
2.05556
4.16667
3.75
2.5
4.4
3.33333
0.875
3.16667
2.79167
2.5
3
3.625
5
4.66667
3.38095
3
3
1.58333
4
3.5
4.1834
3.47368
5
2.31818
3.72222
3
3.5
3.87
3.04286
3.125
3.33333
3.5
4
2.6
3
3.5
3.94444
3.8
2
2.875
4.0443
3.125
3.14634
2.92857
3.66667
3.5
3.5
3.75
3.77778
3.6
3.33333
2.62963
3.28481
3.5
4.33333
3.375
3.2381
3.66667
4
4.5
5
3.19928
3.5
3.5
3
3.66667
3.66667
4
5
4
3
3.4
3.43333
3.19737
2.27083
2.20833
4.11111
5
4.16667
5
5
4.5
4.5
2
4.25
3
3.5
3.1746
4
4.5
3.5
3.36111
3.97368
3
3.33333
4.33333
3.38281
3.08333
4.75
3
2.75
3.84615
1.66667
3
4.375
3.27232
3.81818
3.625
3.24194
2.83333
4.25
2.75
4.2
3.85
3.34483
3.6
2
2.91129
3.5
2.03191
2.88095
3.66667
3.2973
3.51389
4
2.64286
2.73837
3.62698
2.2381
2.33333
2.66667
3.7619
2.75581
3.46154
2.19048
2.1
4.41667
2.57353
3.11111
2.81111
3.6
4.09091
3.5
3.92105
3.6875
3.33333
3.89286
3.85
2.33333
3.33333
2.66667
3.75
2.66667
3.93548
2.66667
3.9
3.57778
3.03571
2.7
4
3.75
3.5
4
2.66667
3
3.5
3.85714
4
3.06818
3.77381
4.01813
3.39744
4.16667
4
1.5
2.33333
3.06863
2
3
4.33333
3
3
3.64286
4.16667
3
3.83333
3
4
2.5
3.25
4.09091
2.4
2.41667
3.82075
3.36
2.55556
2.875
3.68333
2.55556
3.83178
2.5
1.75
3
3.8
3.3
3.3
4.04667
3.1087
2.45455
2.5
2.5625
1.5
3.75
3
2.5
1.75
1.66667
3.8
4.5
2.9
3
2.9
2.40909
2.5
3
3
3
3.16667
5
4
2.75
3.79545
4.66667
3.33333
0.5
3.94444
3.66667
4
2
2
3
3.66667
3.5
4
3.4
3.78571
4.23636
4
3.3
3.06667
3.125
3.88333
2.75
3.75
3.25
3
1
3.4375
3.9375
3.8125
4.5
3.44444
2.66667
3.11111
2
3.7
5
3.09302
2.16667
3.625
1
3.5
2.25
2.5
2.59091
3.71429
3.73913
2.75
2.66667
4
2
5
3.5
3.66667
3
3.83333
2.375
1.83333
3
3.64286
2.66667
3
3.89773
3.76471
3
3.34524
3.5625
4.25
4.00752
3.79412
4.5
3.5
3.83333
4
4.58333
4.21429
3.66667
4.5
3.66667
3.89286
4
4
4.2
4.25
4
4.66667
3
3.6875
3.25
3.21667
2.66667
3.67143
5
3.54545
3.71698
3.64062
3.64516
2.52632
3.89474
3.5
2.46774
3.5
4.17822
3.45455
3.625
3.125
3.57895
3.4
3.56977
3.66667
3.66667
4.1
2.5
4.17857
1.5
4
3.54762
3
3.1875
2
5
5
4
5
3.59483
2.76316
3.66667
4
3.52778
3.29412
3.625
4
3.55882
1.96875
3
3.95635
4
4.13158
2
3.75
1
2.61538
2.88333
3.86667
4.17857
3.5
4.5
3.7
2.5
3.33333
3.73333
3.1
3.82143
3.83333
3.6129
5
4.25
3.66667
3
2.75
3.5
4.16667
3
3.57143
3.62069
3.75862
4.41176
4
4.16667
5
3.625
3.41667
3
2.33333
1
3.875
3
2.66667
1
3.5
3.18182
3.32278
2.8
2.57143
3.5
3.5
3.92857
3.59091
4.09091
3.42857
2.66667
3.35
4
4.02941
4
3.90909
4.22727
3.66216
3.83333
3.5
2.75
4.05556
3.75
3.92857
3.625
3.13889
4.2
4
3.31667
4.26316
4.04348
3.16667
4.1
3.07143
2.66667
4.06452
3.9
3.70833
3.64286
2.61111
3.58929
3.67347
3.9
3
3.96552
3.84211
3.66667
3.35938
3.63514
4
3.66667
4.22222
5
2.02632
3.844
3.66667
4
3.5
3.5
3
3.5
3
3.3
2.83333
3.25
4
2.54167
4
4.20833
3.94444
3
3
4
3.625
3.6
4
2.5
3.16667
2.5
3.92233
3.24359
4
3.97619
4.14286
3.40909
2.97222
3.07407
3.5
3.38235
3.69298
3
3.71429
5
4
4.4375
3.72
3.34615
4.25
2.94
3.3
3.50769
3.5
3.16667
3.63636
3.22727
2
3.83333
3.3125
3.5
3.19231
3.625
3.5
3.38889
1
4
3.68182
3.95
3.25
3.95238
3.66667
4.3
4.075
5
3.83333
3.85714
3
2.75
3
1.75
3.61538
4
3.85
4
5
4
3.6
3.69231
4
3.75
3.75
2.6
4
3
2
4
2.5
3.5
2.375
3.60714
4.5
3.96552
3.05405
2.36667
3.41176
2.75
3.85
3.95
3.39189
3.13636
3.44737
3.53125
2.72414
2.85714
3.13333
3.82353
3.66667
3.29167
3.37931
2.86667
4.1
3.25
3.57143
1.8
2.625
3.68182
3.36667
3.3125
2.81481
3.45455
3.52273
1
5
4
3.5
3.01852
2.16667
3.375
4
3.5
2.5
3.5625
3.37931
2.25
3.26923
3.21154
4
1
3.33333
4.375
4
3.5
4.25
4.4375
3.5
2.5
2.22727
3.84286
3
4.5
2.07143
3
2.33333
3
3.725
4
3.92857
4
3.78125
1
3
2.66667
3.75
4
2.5
3.5
4.08333
4
3.75
3
2.26667
3.70833
4.75
3.75
4.13158
3.75926
3.80682
4.08621
4.06579
3.92857
3.78571
4.375
4
3.75
3.5
3.41667
2.5
4.16667
2.66667
3.82143
3.4
2.38889
1.5
3.33333
2.4
2
3
2.8
3.9
3.45
3.5
3
2
2
4
3.08333
3.5625
4.125
3.55294
3
3.6875
4
3.25
4.33333
3.53333
3.69231
3.80508
3.4375
4
3.73438
3
3.41667
1.5
3
4
2.57143
2.5
1
4
4.15625
2.5625
5
2.97222
2.5
1.6
2.75
2.5
2.875
2.83333
3
5
3.66038
3.5
3.20968
3.66667
3.05263
3
4
4.5
3.83333
4
3
3.23077
4.35938
1
4
3.4
3.85294
4.1087
4.54167
4.375
3.90323
4
4.125
3.9375
3.55
3.33333
3.47619
3.71429
3.96023
3.25
2.63636
3
3.11628
3
4
4
3.34615
4
3.5
3
3.92308
3.87778
3
3.875
4.25
3.6
4.09211
3.90909
3.625
3.80952
4
3.33333
3.56098
2
3.55263
3.28571
3.4
3.0625
2
3.5
2.66667
3.90909
2
3.85294
3.4
3.58696
3.56604
2.67857
3.61111
2
2.9375
3.2451
3.5
2.83333
3.66667
4.16667
3
3.97727
3.66667
3.75
3.84375
3.375
3.96875
3.41667
3.66667
3.91176
3.42593
4
3.66667
2.87931
3.58333
3.5
3.33333
4
1.5
2.13636
3.36364
3.31818
2
3
3.35714
2.7
1.5
2.25
0.75
5
4
3.5
3.96584
2.33333
5
4
3.625
4
4
2.83333
3.30556
1.21053
3.75
1
3.83333
3.75
3.25
2
3.8
1.5
4.11111
3.25862
4.25
3
5
3
3.23529
3.03846
2.5
3.08108
3.25
3
3
3.5
4
2.96914
3.21053
3.83333
4.33333
4
4.04545
4
3.66667
3.41667
3.75
4
3.56522
3.5
3.25
3.5
1.875
3.13636
4.1
4.03846
4.5
5
4.5
3
3
3.5
3
3
3
3
4
3.38462
2.66667
3.93548
3.5625
3.5
3.16667
3.54545
3.53571
4.3125
3.4
4.625
3.83333
3.78571
2.71429
4.29167
3.88889
3.6
3.575
3.5
2.91667
2
2
2.5
3.5
3.1
2.33333
2.5
4.33333
2.86842
3.1875
3.45455
3.66667
3.3125
3.82857
3.7931
3.31579
2.72222
3.64286
3.05
3.16667
2.66667
3
3.41667
3.75
3
3
3.5
2.77679
3
2
3.5
1.75
3.9
4.11538
3.125
2.5
3.5
3.57143
4.33333
4.30435
4
3.33333
3.71429
3.625
4.03704
3.64286
5
3.6
4.66667
3.15909
3.88462
3.78125
3.5
2.69231
3.30435
5
3.28571
3.42929
2.76744
3.29231
2.16667
2.95283
5
3.5
3.5
3.5
3.5
3.42857
2.1
2
3.33333
3
3.2
3.33333
3.25
2.5
2.25
3
2.25
2
3.92857
3
2.58108
3.2
3.75
3.73333
4.4
4
3.54167
4.33333
3.55906
3.4
4.5
3.07692
1.75
2
3.63333
2.5
3.5
4
2.66667
3.2
3.34483
2.5
3.94444
3.27273
2.83333
4.11538
3.66667
3.7
1
2.25
1.75
3.125
2.3
2.92593
2.18333
2.66667
2
3.5
3
3.16667
3
2.83333
3.5
5
2
1
4
2.33333
3.5
3.6
5
3
3
4
4
5
3.66667
4
3.75
2.125
3.33333
3.75
3
3.03571
2.95588
2.125
2.83333
3.87143
3.44444
3
3.95
4.33333
3.77273
2.5
2.8
5
4
2.875
0.5
3
3.16667
1.5
3
1
3
2.80952
1.25
3.1875
3.88889
3
2.5
4.5
3.33333
4.5
4
2.9
5
3.80435
3.76271
3.5
3.33333
4.16667
3.85897
3.54545
3
2.66667
3.5
2.5
3
4
3
3.875
3
3.6
3.4
3.94444
3.4
3.25
0.5
4
3
2.5
4
3
3
4
3
4
4
2.28571
5
3.44318
3.86957
3.66667
3.5
4
2.33333
2.75
2
2.125
3.4375
3
2.66667
2.25
3.4375
3
3
4.75
3.7093
2.47059
2.95652
3.83333
4
3.54545
2.9
2.625
4
2.72785
3.05
1.86111
3.25
2.41667
4.25
3.43478
3
2.775
2.95
2.75862
4.1
1.25
1.81818
3.375
3.03125
3.29839
3.85526
1.9
2.75
2.525
3
2
3.375
3
3.4
3.5
3.9
3.64583
4
3.22727
4.03684
2.5
3.77778
2.65909
3.5
4.04545
3.125
3.42308
3.13636
3.83333
3.46875
3.14286
3.375
2.79245
1
3.875
3.46667
3.125
2.375
3.88889
3.91096
4
3.1
4.125
3.30769
2.38889
3.45455
3.25
3.5
2
4
3.5
3
0.5
2.6875
2
3.35714
2.875
3.5
4
3.2
3.21429
3
3.44444
1.66667
3.25
2.48077
1
5
4
4
2.8
3
1
2.96429
3.67647
4.25
5
3
2.8125
3.2
2.5
4.5
3
4.5
3.83333
4.07143
0.75
3.64583
3
4
2
3.83333
5
3
3.4
3.58333
3.45455
4
3
1.66667
2.83333
3.925
2.7
4
3.20833
3.33333
3.5
2
2
5
3.75
2.5
1.66667
4
2.5
3.06061
2.4375
4.5
2.83333
3
2
1.25
2.25
3.06667
1
3.25
2.4375
3.16667
4.5
4
3.5
3.8
3
3.66667
3.91667
4.33333
4
4
3
3.83333
4
3.6
3.9375
3.75
4.5
4
3.66667
3.5
4
4
3
3.5
5
2.125
3.33333
2
1
3.3
3.85714
3.3
3.5
3.10714
1
3.83333
3.7
4
3.5
3.66667
3
3
3.68919
2.25
3.54545
4.22727
3.15
3.25
3.25
2.78571
2.5
3.16667
4.18333
3.5
3.5
3.20588
3.48649
2.5
3.47183
2.45
2.5
4
5
2.4
1.71429
3.70408
4.33333
0.833333
3
3.33333
2
2.73438
3.33333
4.33333
2.5
2.78571
3
4
3.3
3
3.75
3
3.33333
3
3
2.44444
3.85714
2.5
3.5
2.75
4
3.75
3.33929
2.5
5
4.3
2.33333
3.8477
3.63636
2.86905
3.875
2
2.8
2.875
3
3.46429
3.65385
3
4.09091
3.82143
3.5
2
3
3.5
3
4.75
3.625
2.5
5
2.725
2.92424
3.25
3.5
4.5
1
3.38235
3.66667
4
4
2.5
3.91667
3.85714
3.25
3
3.81034
3.33333
2.84286
2
3.2875
2.92727
2
3.05556
4
3.57692
3.83333
3
2.83333
4.16667
1.33333
2.66667
2.28947
3.5
3
4
2
2.33333
3.5
3
1
4
2
3
3
4.5
3.86364
4.5
2.4
4
3
3.5
3.5
2.5
3.125
4.5
3.42857
4
4.27778
5
3.78571
2.25
4.125
4
3.66667
2.33333
5
4.125
4
1.75
3.02632
2.98936
3.25
4
2.5
2.6
2
4
3.75
5
3
3.6
3.78571
5
3.61538
4
4.5
0.5
4
2.66667
4
1
3.58333
4
3
2.5
2.5
2.5
2
2.875
3.625
3
2
2.625
4
2.875
3
4
3.47619
4.5
3
1.16667
3
3.375
3.3
3.25
2.5
3.25
3.5
4.75
3.4
2.66667
4
5
3.5
4
2.5
3
2
2.5
1.25
1.5
3.8
3.75
3.8
4.25
1
3
3
3
2
3.07143
3.8
2
4.125
4.16667
2
3.33333
2.90909
1
3
4
3
2.8
2.6875
5
3.5
5
4
1
4.16667
3.4625
3
4
4
2
5
3.75
2.64286
4
3.5
5
1
2
4
3
2.16667
1
2
4
3
4.75
2.83333
1
3.875
5
2.9
3.25
2.64286
3
3.52174
2
2.25
5
2.66667
3.625
2
3
5
3
2
2.48387
2.60714
2.5
3.66667
4
2.875
3.5
4.5
2.75
2.5
1.75
3
3.8
4
4
3.9
3.5
4
3.625
1.25
2
3.25
2.75
1
2
2.83333
2.75
3.5625
3.3
2
3.61111
3.66667
0.5
1.75
1
4
2.25
2.5
3
4.75
3.375
4
3.5
3.13889
3.15385
3.5
3.5
3.75
4
3.5
3.5
5
0
3.2
2
1
5
2.87179
2.75
3.4898
2.5
4.33333
3.9
5
4.5
2.33333
2.9375
5
2.66667
4
3.24194
2
1
2.75
4
2
4.5
3.75
2.1
1.5
1.5
1.75
1.5
4
3.75
0.5
4
5
1.83333
2.35714
3.5
0
3.5
4
3
2.75
3
3
4
3.875
3.25
1
3.31081
2.5
4.66667
2.375
3.78571
5
2.75
3.5
5
3.5
3.78571
3.75
4.5
4.08333
3.08333
3
3.75
3.8
4
4
3
3.27273
3.5
3.22826
2
4.33333
5
3.21053
3.5
3.5
3
3
4
2.5
3.1875
3
2.25
2
4
3.03571
3.75
3.70513
3
4
2
3.47826
3.5
1
4.5
3
4
3.425
2.8
3.7
4.09091
3.20833
1
1.125
4.02688
3.8125
3.65
2.25
3.88462
3
3.625
3.64286
2.76087
3
2.5
3.65714
3
3.125
3.25
3.51923
3
4.1
3
3.5
4.15
3
4.25
3.16667
4
2
4.5
4
2.7
5
3.125
3
3.5
3.07143
5
3.25
1.5
2
2.64286
2.5
2.8
3
4
2.95833
4
3
3.88077
4.5
3.9
3.94444
2.75
3.6
3.72222
3.5
3.25
4.096
2.92308
3.01351
3
3.33333
3.6
3.75362
3.1
4.25
1
3
3
2.5
3.33333
2.8
4.1825
3.55
3.95175
2.5
3
4
3.5
3.5
2.75
3
3
3.6875
3.08333
3.72449
1.5
3.36207
3.42857
3.27778
2.25
4.66667
3
3.4
4
4
2.75
2.9
2.75
4.5
2
3.5
4
2
3.5
3
1
3
3.5
2
2.3
3.46875
3.25
3.25
3.66667
3.25
4
2
4.5
3.74576
1.66667
5
2
3.82609
2.57143
3.1
3.75
5
2.33333
3.5
3.5
4
3.5
3
2.75
3.25
4
3.16667
3
4.5
3
2.16667
1
3.66667
3
3.75
3
3.66667
5
4
3.88095
3.75
2.25
3.5
3.9
3.5
3.18182
3
4.6
0.5
4
3.33333
4.5
4
2
2.66667
2.33333
3.5
3.625
4.5
3.5
3
4
3.63636
4.125
2.88462
3.75
3
3.6
4
4
3.66667
4
4
0
2.83333
2.16667
2.5
4
3
3
3.5
2.5
4
3.66667
4
3
2
4
3.5
4
3.5
3.75
3.39683
3
2.6
3.58333
1
1
3.98077
3.5
1
5
4
4
4
4
4
1
2.75
4.75
1.5
1.5
4
5
1.5
2.5
1.25
3.5
2.84091
2.375
2
4
5
3.125
3.21667
3.375
3.85714
4
3.25
4
2
0.5
1.83333
3.16667
2.95455
3
4
0
3.96875
3.75
3.2
2.95
2.6875
4
3.33333
3.36275
4
5
3.5
2.85
3
3.5
3
3.07895
2.8125
3.375
2.04545
3
3.08333
4
1.625
4
4
3.83333
4
2.83333
2
3.66667
3.3125
4.25
2
3
4
3.83333
3.5
3.52239
1
2
3.25
0.5
3.5
3
2.5
3.5
1
3.41667
3.5
1
4.16667
3.5
3.5
3.75
3.64423
3.10366
4.25
4
3.6
4
4
3.75
3.3
3.32692
3.16667
4
1
4.25
3.08824
3.44444
3.5
1.5
0.5
3.75
3.41667
1.5
3
3.88
2.125
2.66667
3.5
4.5
2
5
3
2.75
3.5
2.83333
4.5
2
3.88095
3.68696
4.25
3.16667
2.5
2.73684
2.5
1.83333
1
3.07143
3.875
1.66667
2.84375
3.39474
1
3.4
3
5
4.5
3.25
2.5
3.07143
3.1
2.91111
3.6
3.41667
4.25
4.75
3.95833
3
3.16667
1
1.8125
3.58333
3.375
2.47826
3.3
3.5
1
1
4.5
0.5
4.125
1.8
3
4
2.66667
3.18421
2.5
2.5
4
1
3
3
3.75
2.95455
3.5
3.5
2.5
1
2.5
4.5
4
2
2
3.16667
3
3
2.66667
2.5
3.08824
1
3.29167
2.5
2
1
2.5
2.5
3.5
2.5
3
3.875
4.16667
4
4
4.5
4.08333
2.33333
3.33333
4
3.25
1.5
3.4
4.13492
3.5
3.09091
2.5
4.5
2.33333
3.4
4
3.75926
4
4.5
3
1.5
3
4
4
2.5
2.75
3.5
3
3.6
3
3.5
4.25
3
2.08333
3.25
3.6
3.91379
4.125
0.5
3.52083
3
3
2
3.42708
3.7
3.75
2
3.5
3.6
4
4
2.5
3.13636
2.25
4
4
0.75
3
3.25
3.1
2.5
3.5
2.5
3
4
2.5
4.5
2.5
3
2.5
2
4
4
4.5
3.71429
2.83333
2
5
3.5
4.5
3
4
2.5
2
3.625
4.06818
2.4
3.31818
2
1
3.96154
2.7
3.5
3.25
4.25
4.16667
2
2
2.75
3.25
4.16667
1
3.66049
4
3.5
3.83333
4
4
5
3
3.5
0.75
3
3
4
4
4
2
4
4
3
0.5
3.16667
4
1
2.5
0.5
5
3.5
4
4
3.09677
3.5
1.75
2
3.95
3.90625
2
0.75
2.4375
3
2
4.5
3
3.66667
4
2.38889
2.5
3.77381
3.72857
2.5
1
3
4.25
4.25
1.5
3
2.75
3
2.5
3.83333
4
3
2.25
3.4
2
2.5
2.53333
2.95
3.25
3.75
3.83333
4.06117
3.57407
3.625
3.67143
2.56667
2
3.375
5
3.5
1.75
3.5
3
2.5
3.5
2
3.6
4.23077
3.5
4
0
3
3.25
3.9697
3.64706
3.83333
3
3.5
4.13115
3
4
3.625
4.25
1
3.5
1
1.375
1
4.2971
4.5
4
3.5
3.33333
3.25
4.25
5
4.5
3
3.5
1.66667
4
3.5
3.5
4
1.83333
2.44444
3.07143
2.75
3.8
4.25
3.5
4
4.5
3.25
3
3.5
2
4.125
2.75
3
2.5
4
2
3.95
3
5
0.5
3.5
2.83333
4.5
4.5
4.5
4
3
4
4
2.25
3.5
4.5
3.5
2
3
1
3.13333
3.2
2.48214
1.5
2
5
4
3.4
3.5
2
4
3.5
4.1
2
2
4.33333
3.5
4
3.5
3.5
3.5
2
2.5
4
4.25
2.64286
3.28571
3.91667
3.83333
3.7
3.39024
2.75
2.83333
3
2.5
3.25
0
3.5
3.5
3.83333
2.75
3
4
3.66667
2.83333
3
3
3.34615
3
4.25
3.25
4
2
2.33333
1.875
4.1
3.5
1.5
3.25
4
2.9
2.5
3
4.5
3
4.14286
4.16667
4.83333
3
4
3.41071
3.6875
0.5
4.125
2.34783
2.75
3.3
2.875
4
3.52381
3.1875
0.5
3.66667
2
3
1
3.33333
3.25
4
2.75
2.25
1.75
3.2
2.5
2.83333
3.6087
4
2
3.875
5
3.61728
1.5
3.83333
2.25
4
3.5
5
3.5
3.2
2
2
4.06818
3.75
3.5
3.16667
3.83333
3.26829
2.88889
4.5
5
3.83333
3.1
4.75
3.80328
3.52727
2.75
4.04545
1.91667
3.5
3.70455
3.5
4
3.75
2.66667
3.25
3.5
4.5
3
3
3.75
3.5
3.5
1.5
3.5
4.5
3.33333
3.75
1.25
1
4
4
2.7
3.5
3
3.5
3.83333
3.58333
3.93478
3.5
3.5
4.5
3.33333
4
2.83333
3.9
3.5
3
4
4.4
2.25
4.5
3.25
4
2.5
3
3.75
2
3
3.33333
3.625
1.25
3.5
3.25
2
3.80769
2.02083
4
4
3
0.5
0
4
3
2.5
3
2.83333
3.5
3.5
4.125
1
3.6
2.375
2.16667
4.5
3
3.7
3.85461
2.85
1
3.18182
2.5
3.85
4
3.875
3.5
2.58333
3.82
0.5
2.75
4
3
3.16667
2.83333
2
3
1
3.83333
2.66667
2.42857
2.45
2.875
5
3.5
1
4
3
3.25
4.5
4.1
2.25
2.16667
3.83333
3.6875
3.64706
2
3
3.5
4
3.75
3.125
4.25
3.66667
4.25
0.5
3
3.33333
4.1
2.4
3.42308
3.83333
3.6875
3.5
3.5
4.11111
4.75
0.5
3
2.33333
3.5
0
2.5
2.16667
3.5
1.5
3.5
2
2.5
3.75
3.15
3.33333
3.81765
3.83333
4
3.75
3.75
3.5
3.91667
5
2.5
3.5
3.25
4.25
3.25
2.5
3.6
3.25
3
0.5
3.4
3.19048
3.27778
4
3.5
4
2.16667
3.25
3.33333
3.75
5
4.25
1
2.5
3.92308
3.78571
4.375
3.94444
3.75
4.25
4
4
3.2
3.75
4.125
2.25
3.625
3.8
3.125
2.16667
3.98148
2.25
3
3
4
3
4.05405
2.375
2.33333
2.875
2.5
2.25
3
4
4.25
3
3
1
2.5
4
4
0
3.125
4
3.5
3.16667
3.5
4.125
3.5
3.36364
3.25
3.5
3.52941
3.75
3.57692
3.83333
4.125
3.61957
0.5
3.10714
3.81982
1
4
3.2
2.66667
3.55
4.5
4
1
3
2.41667
2.4
3.35
2.5
3.35714
3.5
4
3.83333
2.5
3.75
5
4.5
3.25
3.5
3.75
3.03704
3.83333
3.16667
4
3.58182
3.13636
3.66667
3.45588
2.5
2.33333
3.33333
3.31667
4.25
3.5
2.5
4
3.25
4
3.5
3.5
3.5
4
4.1
3.8
3.25
3.3
3.62121
2.5
3.16667
3.5
4.3
4.1
4
3.16667
4
3.5
3
3.8
1
2.2
3
3.5
2.9
3.5
4.5
3
2.88462
1.5
3.33333
2.9
3
3.75
3.5
2
3.95
1
3
3
4
3.76923
3
4
4
2
3.9
4
3
3.7
2.875
3.66667
3.5
2.5
4.25
3.41667
3.5
2.85714
4
3.5
4
3.5
3.875
3
3.5
3.0625
3.83333
3.5
4.33333
3.85714
3
3
3.25
4.25
3.75
3.25
4
3.8
4.5
4.5
2.83333
3.5
3.5
3.5
5
4
2.5
3.625
3.5
3
5
4.25
4.08333
3.86364
4.11111
0.5
2.5
4
4.1
3
2.375
2.625
3.33333
1.5
3
4.5
3.75
4.7
3
3.75
3.75
3.75
3.5
4.5
4
3.5
4
3.625
4.25
4
3.85294
3
3.64444
3.82727
3.20833
2.3
3.75
4
4.12784
3.4375
3.25
4
3.3
3.5625
2.57143
3.28125
2.95
3.33333
3.5
3
4
2.34615
4
3.5
4
4
3
3.5
1.5
4
2
3.5
3.5
3
3
1
0.5
4
3
5
3.66667
3.83333
4.5
4
4
3.16667
3.75
4
3
3.16667
2.5
3.9
4
3
4
0
1
3.4
3
2
3.46875
2.35714
4.2
2.25
1.5
5
3.86364
3.83333
3.25
2.5
0.5
1.75
3.9375
3.27586
2.16667
4
4
5
3.5
2.5
4
3.25
4
3
0.5
2
2.66667
3.1875
3.04167
3
4
3.71429
3.5
2.5
3.83333
3.16667
0
4.5
1.5
3.26923
3.16667
3.35714
4.5
4
3
5
3.75
2.5
3.4
4.12264
3.375
2.16667
2.5
2.25
3.875
3
3.28571
4
4.33333
2.33333
4
4
2.66667
3.5
4
3.6
3
3.5
4.1
2.5
2
2.5
3.875
3
3.66505
2.78571
2.85294
3.3913
0.5
2.75
2
3.51786
3
2.84375
4.5
3.1875
4.75
3.14286
4
3.375
4
3.83333
3.33333
3
3.8
4.38636
3.16667
3.25
3.375
5
4.625
3.72727
3.5
4
3.5
3.07143
5
2.25
2.83333
3.5
3.375
2
4
4
3
3.58333
3.75
3.75
3.83333
4
4
4
4.5
1
4
3
4.41667
3.5
4.125
4.75
1.66667
3.5
3.5
3.58333
2.5
3.5
3.75
4.25
3.625
3.75
3.25
3.5
3.5
4.125
1
3
3
4.07143
4.25
4.5
5
3.5
3.5
3.5
4.5
2
4
2.83333
3.33333
4.2
3.5
3.66667
3.75
3.75
1.5
3.5
2.5
4
3.5
4
4.5
3.66667
4
3.83333
3.66667
3.75
3.58333
3.83333
2.83333
3.2
3.5
4
3
2.5
2.5
4.5
3.5
2.5
3
3.5
4.5
2
4
3.5
3
3.16667
4
3.5
3.5
4.5
3.5
3
2.5
4.5
3.25
4.5
5
3.58333
4
4.5
3.5
3
4.125
3
4.125
4
1.5
4
4
2.5
3.5
3.5
3.83333
3.9
3.35714
4.16667
3.16667
3.375
3.5
3.5
3
2.83333
3
2
3.33333
3.5
3.5
3.3
4.375
3.58333
3.5
2.25
4
3
3.25
3.92857
3.75
2.5
3
3.5
2.75
4
2.75
5
5
4.33333
4.5
3.625
1.75
3
4.16667
4.45455
1.5
0.5
2
1.75
4
3.5
3.5
4.0625
3.6875
3.5
2.25
3.14286
4.125
3.5
4.33333
4
3
4
2.75
2.83333
2.5
3.66667
4.75
4.2
5
3.625
4.1
4
0
4.5
5
3.5
5
4
3
5
3.5
4.33333
2.5
3.5
2.75
4
2.66667
0.5
4.25
3.5
3.5
3.5
3.66667
3.83333
3.66667
4.5
3.57407
3.06
2.5
2
3.25
3.33333
3
3.7619
3.3
3.92857
3.2
1.5
2.45
3.13333
3.5
1.91667
4
2
2
4
4
4
3
3
1
3.5
4
4
3.75
2.5
2.5
3.53333
2.5
4.25
3
3.5
4
2.75
3.5
3.83333
3.71429
0
3.125
3.5
4.5
3.38889
4.25
3.75
3.5
2.5
2.33333
3
3.33784
3.36486
3.875
2.7
3.39394
2.5
3.5
4
4
3.5
3
4.5
2.25
2
4
4
4.33333
3.5
3.9
2.5
3.75
4.25
3.5
3.66667
4
2.5
3.83333
4.5
3.41667
2.25
3.25
2.625
3.5
3.25
3.66667
3.75
3.56522
3.46154
3
3
3.6875
3.625
3.88235
2.5
3.51471
3
3.5
3.34211
3.67647
4.25
2
3.83333
3.5
3.25
3.79054
2.07143
2.75
4.5
3.5
5
4
4
3
3
5
3
3
3.75
4
3.5
2.5
2.5
1
3.75
2.5
1.5
4.5
2.5
3.5
4.5
4
4
4
3.5
1.5
4
0
0
3.5
3.75
0.5
4
3
3.01724
3.62931
3.5
3
2.5
3.25
4.5
3.7125
2.5
4
3.63636
3.0625
2.63889
0.5
3
1
2.5
2.5
2.5
3
4.35714
3
2.25
2.5
1.5
3.875
1.5
2.33333
3.6
2.5
2.5
2
2.5
2
2.5
3.5
3
0.5
2.54545
2.75
3.5
2.72727
2.75
3.1
3.5
3.5
3.67308
3.87143
4
3.375
3.25
4
4
4.5
4
3.5
3.5
2.68182
3.25
3.61111
2.5
3.75
2
3.42857
3.425
3
3.5
2.5
4.25
3
3.5
4
3.5
3.5
4.66667
1
4.375
4.66667
3.5
2.5
2.76923
2.625
3.66667
3.68421
4
3.5
5
3.27273
3.95238
3.86111
0.5
1.5
2.78571
3.53571
2.33333
3.3125
3.85135
3.41429
3.9375
2.5
3.5
4.25
3.92105
3.5
3.32353
2.91176
1.79167
4
3.5
4
3.5
3.5
4
3.5
4
3.5
2.5
5
4
3.66667
0.5
4.5
4.3
4
3.5
3.5
2
4.5
4
3.35
4
3
3.66667
3.5
3.5
4
5
3.83333
3
3.75
0.5
3.5
4
3.5
2.5
3.5
3.875
5
4
4
3.66667
1.75
4.5
4
2.75
3.5
3.5
0.5
3.5
2.5
3
2.5
3.5
0
4
3.5
2.83333
2.5
4
4.5
4.25
4.25
4
2
3.75
4
2.5
3.5
4.5
4.5
3.5
3.5
4.5
0.5
3
3.5
2.5
2
3.75
4
4.5
3.75
3
4
3.5
5
3.33333
3
3.5
3.5
3.5
4.08333
3.375
4.5
5
5
4
0.5
3.5
4
4
3.75
4
3
3.66667
3.5
0.5
3
4
4
4
3.5
3.83333
4
4
4
4
3.5
4
4
3.75
3.5
2.5
3.75
2
4.5
2.5
3.5
4.5
3.5
4
4.5
3
3.5
3
3.5
4.5
2.25
2.5
2.5
3.75
2
3.5
3
4.5
4
2.5
1
4
3.5
5
3.5
1
2.5
3
3
1
2
3.83333
3
0.5
2
3.5
3.83333
5
4.5
4.5
2.5
4.5
3.125
4
4.25
3.16667
4
2.25
4
5
2
3.5
4.4
5
3.75
4.25
3.96154
3.5
3
3.4
4.5
3.83333
4
3.5
4
3.5
2
3.25
4
3.5
1.66667
4
4
4
4.5
2.5
4.375
4
4
4
4
5
3
1.5
3.91667
3
3
3.5
5
5
4.5
3.25
4
4
3.5
3.5
3.5
4
5
3
4
4.5
1.5
3
3.75
4.5
4.5
4.16667
2
3.33333
3.5
3.5
4.33333
2
2.75
3.75
4.5
2.75
4.5
2
3.5
4
2.5
3.375
3.75
3.5
4
3.5
3
1
3.5
3.5
0.5
4
4
4
4
3
2.66667
1
4.25
4
4
5
2.8
3.42857
4.5
1.5
3.67647
5
3.75
1
1
4.5
2.5
3.13333
4
3.90909
2.5
5
4
4.33333
3.66667
4.25
3.5
3.5
2.25
3.92188
3.5
4
2
3.21429
3.9
5
1.75
1
3.5
3.25
4
4.33333
2.83333
4.5
3.58333
2.5
3.10714
3.1
5
3.72222
4.5
3
3.625
1.5
4.25
3.3
3.5
0.5
4
3
3
3.5
4
3
3.78571
2.33333
5
3.5
3.39286
4
4
3.7
4.25
4
3.66667
3.98438
3
3.18085
3.83333
3.56897
3.61765
3.8125
2.5
3.42857
3.72222
3.32
3
2.5
4.5
4
2
3.5
2
3.33333
2.5
4.5
3.25
4
3
3
4
3.75
3.75
3
2.5
4.5
4
2.3
4.25
3.5
3.5
0.5
2.25
2.25
4.25
3.975
5
3.5
2
4.5
1
4.16667
4.75
4
2
2.5
2.75
4
4.5
4
4.2037
4
4.5
3.22917
4.5
2.16667
3.24
2.5
1
3.25
0.5
3
3.5
3.65789
5
4
4
4
3.66667
2.5
3.5
5
3
2.16667
3
4
3.44444
3.26923
3
4
0.5
3.5
1.5
2
4
3.5
4.25
2
5
2.5
2.16667
3.5
2
3
3
3.5
3.5
4
4
3
3.25
3
5
3
4
5
5
4
4
4
3.95
4
3.1
3.0625
4
1
3
3
4
3.5
4.5
4.25
4.5
0.5
3
2.75
4
4.33333
3
4
3.29412
3.5
2
3.5
4.5
3.5
3.64286
1
2.95
1.83333
4
4
3
4
4
3.5
3.75
3.62903
2.75
2.25
3
3
2.5
3.28571
3.5
3.83333
3.16667
3.57895
3.75
3.5
3.10204
1.5
2.5
1
4
3.5
3.85714
2.25
4
2.5
3.3
2.21429
3.5
2.7
2.5
4.25
4
4
2.5
3
2.85
3.88889
2
2.66667
2.53333
4
3.54762
4.25
3
2.75
3.15909
3.33333
3.33333
4.5
3.45833
2.125
3
4
3.5
3
3.7875
4.5
3.6
0
2.5
2.25
4
1.5
3.6
2.5
4
3.75
3.75
3
3
3.64706
3.5
3
3.08333
2
1.5
2.54545
2.5
3.44444
3
3.0625
4.08333
3.67742
2.5
3.28571
3
3.8125
5
2.75
3.75
1
2.2
3.25
3.4
2.53846
4
2.5
3.25
2.45455
3.7381
3.65
3.625
3
3.5
3.92105
3
3.3125
3.25
3
4.33333
3.75
3.7931
4.16667
3.5
4.4
3.125
3.5
3.25
2
3
3.62069
3.75
4
3.85185
3.25
3
3
0.5
4.33333
5
2.5
0
4.5
3.125
3.16667
3.25
3.5
3.4
4.5
3.5
4
4
4.5
5
3.5
2.33333
4.75
4.33333
4.5
3
4.25
3.6875
2
3.25
3.725
3
3.85714
3.88136
2.5
3.88095
2.9
2.5
2.875
3.5
4
1.75
3.83333
3.5
4
4.66667
3.45918
3.28261
3.31818
5
0
3.5
3.25
3
3.75
4.5
3.6875
2.83333
4.4
2.5
3
2.25
1.75
2.83333
4.25
4.5
3.16667
0
4
3.75
3.16667
4.5
3.5
3.75
1
2.625
3.5
3
3
3.25
3.5
3.16667
2.5
1.5
5
4
3
3.5
1
5
4
3
3.66667
3
3.5625
2
3.5
2
3.75
4
4
3.5
4
3
2.125
3.5
4
2.66667
3
2.5
3.5
4
3
1.6
4
2.14286
3.5
2
2.88889
2.91667
3.175
2
4.0137
2.83333
3.9125
4.5
3.875
3.8
3.25
4
4
2
2
4
4
3.93243
4
2.5
3.5
4
3.84
3
3.45
3.83333
3
4
1.5
3
4.1
1.75
3.5
3.5
2.5
2
2.875
3.83333
4
3.25
2.25
2.875
4.5
3.5
3.75
3.30952
1.5
3.75
2
3
2.9
3.75
3.5
2.98571
3.31818
2.1
4
3.16
3.5
1
2.92857
3.125
2.55
4
3.14286
3.41525
2.5
3.5
2.25
2.25
2.75
2.75
3.5
4
3.78947
3.5
4
3.5
4.08333
2.57143
1.25
4.5
2.61538
4.5
4
3
0.5
3.90789
3.5
3.5625
2
3.66667
3.5
1.75
4
3.25
2.75
2.75
3.05882
3.05556
2
3.6625
2.7
4.5
3.79167
4
2.75
4.5
4.25
1.5
3.14286
4
3.75
3
4
3.5
1
3.25
2.5
4
2.75
3.5
3.25
3
3.59091
3
3.72727
3.4
2.6875
3
3.1
5
1
0.5
2
3
2.83333
3
4
3.13636
3.58333
4
3.125
4.5
3.27778
3
3
4.5
3
3.5
3.75
4
4
4
2.75
3.16667
3.27273
3.67308
3
4.5
4.20238
3
4
0.5
3.75
0.5
4
3
1
5
3.88889
4.33333
0
4.03333
3.66667
3.25
3.62791
4.125
3.875
5
3.5
3.5
3.33333
2.85714
1
3.5
3.22222
1
4
3
3.5
4
3.87705
2.16667
3.46154
5
3.5
3.26923
4
3.5
3.5
3.5
3
2.25
4.04054
3.5
2.16667
3.6
4
3.5
4
3.25
3.25
4
2.5
0
3.16667
4.5
3.5
2.25
4.5
3
4.04545
2
4
3
3
4.5
4
2
3.5
4
3
2.625
4.75
3
4.375
3.5
5
4.5
4.5
2.5
3.5
1.5
3.25
2.25
1.5
4
3.75
3.98305
3.625
3
3.75
4
2.28571
3.9
3.1875
3.1
4
4
3.5
4.5
4
2.5
3.7619
4.5
0.5
4
1.75
4
3.5
1
5
3.925
1.5
3.55932
3
3.5
4
3
3.25
3
2.75
3
4
4.21429
2.5
2
3.5
3.14286
3.66667
3.3125
4
3.40909
2.5
3.88462
3.5
3.65
2
3.75
4
4
3.5
3.5
3.5
5
2.83333
3.375
4.5
2.25
3
3.5
2.71739
2.5
4.5
4
4.09091
4
4
4.16667
3.625
3.39583
3.77778
3.42857
4.25
0.5
3.11538
3.86364
3.27273
4
2.5
4
4
3.25
3.9
3.24
2
3.16667
4
2.75
1.9375
2.5
3.83333
3.61538
3.66667
0.5
4.5
5
2.91667
3.57143
3.64286
3.5
2.75
1.6
3.22581
2.5
3.75
2.71429
3.4
4
5
4
3.86957
1.5
3.33784
3.66667
4.125
3.95902
0.5
5
3.75
4.5
3
3.5
3.73864
4
2.33333
2.83333
4.5
4
3.5
0.5
3
3.5
2.5
4
4
4.22222
0.5
3.67857
4
3.875
4.5
3.83333
4.25
4.375
3
4
3.5
4
3.75
4
3.71053
4
2.375
4
2.875
3.25
3.62903
2.75
4.25
2.5
2.25
3.58333
3.78571
4
4.5
3.83333
3.66667
3.14286
3.78571
2.5
3.33333
3
4
2
4.2
3.5
5
4
2.91667
3
3
3
3.875
2
2.5
3.45455
2.85714
3.4
3.9
4.0102
2.8125
3.5
3
3.5
3.91667
0
2.5
3.25
2.75
0
3.5
2.5
1
3
3.625
3.73333
2.5
3.75
3.2
3.19048
1.83333
3.83333
4
3.5
3.75
1
3.875
3.85417
3.75
3.625
4.25
4.5
4
3.31579
3.35714
4.15385
3.85714
1.875
3.75
5
3
4
2.5
3.83333
3.625
3.125
5
0.5
4.33333
3.33333
2.5
4.25
3.21053
3.75
3.5
3.5
3
3.83333
2.5
3.58333
1.33333
3.30556
3.94737
3.5
4.5
2.5
3
4
3
2.27273
4
3.91667
3.25
2.75
1
0.5
3.75
2.5
4.25
1.5
3.59091
2.5
3.375
4
4.2
3.16667
2.25
3.75
4.16667
4
3.5
4.5
3
4.5
3.5
4.23554
3.75
5
1.5
4
3.80556
3.25
3.83333
3
3.5
3
2.5
2.5
3.29545
2.125
3
4.2
2.91667
2.5
2.66667
4
4
3.5
3
4
3.5
5
4
4.02667
3
4.5
3.46774
3.95455
5
3.75
2.75
3.25
5
3.2
3.5
5
2
2.66667
2.5625
3
5
4
3.4
3.25
4.5
3.80303
4
4
4.5
3
0.5
3.5
2.33333
3.5
3
3.5
3.83333
2.33333
3.17647
3.70395
2.72222
2.89474
4
3.19231
4
4
0.5
4
4
3.375
3.5
4.25
2.5
3.83333
5
3.33333
2.5
3.5
2.75
2.5
4
1
5
3.65385
3.66667
3.78571
3.5
3.33333
3.83333
3
4
2.33333
3.66667
3.20833
0.5
5
3.52273
4
3.83333
3
3
3.42105
2.66667
4.5
4.5
2.5
4.25
3.77778
3.375
5
2.5
3.78333
0.5
2.25
3.83333
4.25
3
2.75
3
0.5
3.5
4
1.5
3.25
4.5
3.375
3.25
5
3.28571
4
3
4.5
4.25
3.5
3.9
3.75
3
3.5
1.33333
3.26923
3.83333
3.83333
3.25
4.5
1.5
4.5
3.5
4
3.55
3
3.91667
3.1875
3.66667
3.375
3.75962
3.14706
3.42857
4.5
2.5
3.75
1.75
3.33333
3.5
2
3.5
0.5
4
3.66667
3
5
3.125
3.40909
3.63636
2.53846
2
1.5
4.0625
4.5
1
1
4.16667
3.5
3.25
5
3.75
4.5
2.5
2.5
4.5
4.5
1
3.1
3.83333
3.85
3.25
5
3
3
4.04545
3.97059
4
3.63333
3.15385
3.35714
3
3.75
2.5
5
4
3.75
3.5
3.75
3.25
3.6
4
5
2.8
4
4.17857
3
2.5
3
3.95833
3.5
2.5
1.5
2.1
2.5
4
4.125
4
3.14286
3
0.5
3.16667
2.5
0.5
3.75
3.79167
2.5
3
2.5
2.5
3.125
2.5
3.58333
2
3.5
2.25
4.2
3.5
2.5
3
1.5
0.5
4.2
3.5
4
4
4
1
3
3.625
3.88889
2.66667
2.71429
3.33333
3.57143
3.625
4.5
2
3.3
4
5
4.75
3.125
2.5
3.14286
3
2.5
2
3.2
3.75
4.1
3.9
4.5
3.68182
2
4.13559
3.85714
3.75
2.75
4.125
4.16667
2.91176
1
4.5
3.83333
3
4
4
3.2
2.5
3.375
3.38462
2.8
4.5
4.25
3.5
4
0.5
3.5
2
3.5
3.5
3.94262
2.5
0.5
4
3.66667
1.5
3.61364
3.6
2.5
3
2.25
2.75
4
2.38889
3
1
3.5
4.13462
3
4.25
3.75
2.625
4
4
2.75
3.1
3.64286
3.33333
4
3
2.875
1.5
2.5
3.75556
5
2.375
3.25
1.5
4.06897
4.5
4
2.5
3.42857
0.5
0.5
4
3.625
2.5
3.5
3.5
4.00943
3.78571
2.5
2.41667
3.5
3
4
3.5
3.3
2
3
3.5
2.5
2.5
3.5
4.5
1.75
3.5
2.5
5
2
3.16667
4.5
3
0.5
3.5
3.5
3.71429
3.41667
4
3.75
4.33333
3.5
3.85714
3.625
5
3.5
3.05556
2.625
2.16667
2.875
3.66667
3.16667
2.25
2.5
2.92857
5
4
4.33333
4.5
3.5
1
4.1
3.23077
3.875
2.5
2.5
4
3.16667
2.92857
3
3.07143
3
3.63514
1.5
3.58333
4.5
4
2
1.5
2.83333
3
5
2.5
2
2.5
3.58333
0.5
3.9
3.48077
2.5
3
4
3.25
4
3
3.25
4.08333
3
2.75
2.5
4.02174
4
4
4.75
4.5
2.41176
3.5
3.75
4
2.91667
2.16667
2
3.5
2.8
3
3
2.5
3
3.5
3.89474
4.5
4
2
1.5
2.75
3.5
3
3.75
2.9
3.5
2.5
4.5
4
2.5
4
3.64179
2.375
3.875
3.78571
2.25
4
2.16667
2.5
3.75
3.6
3.33333
3
4.5
3
3.58824
3.5
4.41667
1.5
3.5
3
2.5
4
3
4.75
3
2
4
4.5
3.5
3
3.875
2.375
5
2
4.5
3.5
2
3.2
3.875
4.25
4.16667
0.5
3
4.25
2
3.75
2.83333
3.79412
3.83333
4
3.83333
3.5
2.66667
3.25
3.25
3.5
3
4
3
4
3.16667
2
2
5
3.5
5
3
3.125
3.21429
3
3
3.125
3
3.375
3.66667
2.25
2.5
4.5
1.5
2.125
3.16667
2
4.5
4
3
4.5
2.75
3.5
2
3
4
4.15152
4.33333
4.5
1.66667
3.5
3.66667
3.5
3
3
2.5
3
2.5
2
2.5
5
3.66667
3
3.375
4
3
1.25
5
3.91667
3.46552
4.41667
2.5
3.6
2.5
4
4
4.125
2.75
4.5
3.33333
3.75
2.75
3.5
2
2.75
2
3.5
0.5
4
3
3.0625
3.5
2
2
3.5
1
3.16667
1.83333
2.83333
4.07143
3
4
3.58333
2.8
3.5
3.5
2.25
1.75
3
4.5
1.5
5
4
4
4.25
4
3.16667
3.71875
4.04955
3
4.5
4
4
2.8125
4.5
2.25
3.25
2.75
2.5
3.125
2.70833
2.5
4
4.16667
2.5
5
3.75
3.5
2.5
3.42857
5
4.5
2.5
3.96154
3.25
3.5
4
3.5
2.75
3.5
4.5
3.5
3
2.75
3
4.5
4
3
3.5
0.5
3.125
3.97674
3.76471
3.67857
2.5
5
2.5
4.5
3.75
2
4.5
2
4
5
3.25
1.5
4.5
3.25
5
1
3.25
2
4
3.1
3.25
3.95
3
3.5
3.5
4
3.75
4
2.5
3.75
3.33333
3
4.02778
3.5
3
4
2.75
2.8
3.63043
4
3.77941
3.5
2.5
3
2.7
4.25
4.16667
4
4
3.92424
3.925
3.66667
0.5
3
4.13636
3
2.5
3
3.5
1.5
1.375
3.5
3.5
2.83333
3.625
2.5
2.42857
4
0
2.75
3.84091
2.88462
3.5
3.25
4.16667
3
5
3.875
2.33333
1.75
3.5
3
1
3.5
3.75
3.875
2
1
3.5
5
4
4
2.1875
5
3.5
2.5
5
3
4
3.5
2.3125
3.75
4
4.5
2.25
4
3.5
4
3.81579
4
3.5
3.75
4
3.5
1
2.9375
3.5
2.5
5
3.5
3.5
3
1.5
4
2.8125
4.1
4
3.71429
2.5
4.25
3.29167
3.5
3.5
2.7
2.75
2.66667
2.3125
4
4
2.5
4
4.1
2.66667
4.5
1.5
1
3.5
3.625
4.02083
3.75
2.16667
2.5
3.5
4
4.11111
3
3.5
2.25
3.41667
4.75
3
2
1
3.3
3
3.5
2.75
3.1
4
3.35714
4.25
4.25
4.5
5
4.5
4.25
2.5
4
2.5
3
4
5
3.4375
2
3
4
2.65
3.92857
4
3
3.5
2.5
2
3.66667
1.5
3.5
3.83333
3.98214
3.75
2.875
3
3.375
3
2.4
1.5
2
2.25
2.72222
2.75
1.33333
3
4.5
2
2.90909
1.5
3.5
2
3
2.5
3.5
4
4.22059
3.9
3.65909
3.67857
4.25
4
3.25
2
4
2
3.5
3.11111
3.66667
4
3.79167
2.66667
4
3.08333
2.5
1
0.5
1.5
3.5
2.75
3.83333
4.5
3.5
3.5
4.5
2.33333
1.5
2
2.5
3
4
4
3.5
4
2
3
3.5
3.5
1
3
1.5
3.5
3.78125
3.5
4.01087
3.5
4.3
3.5
3.9
3.94444
3.25
2
3.69231
4.5
4
3.83333
4
5
3
2.75
2.5
3.5
4
3.2
3.5
3
3.38889
4.16667
4.25
3.25
2.33333
2
2
3.64286
4.25
4.16667
2.5
2.5
3
3
1.5
3.35714
4.5
3.3
0.5
2.75
1.5
4
3.8
3.66667
2.5
3.5
3
3
3.75
1.5
4
1.5
2
3.5
3
1.5
2
3
2.5
3.38158
1
3.6875
2.85714
3.76923
4
2.5
2
2.5
1.75
3.72222
3.5
3.8125
1.5
5
1.5
5
2.375
3
1.5
4
3.5
2.5
3.5
2.66667
2
4.5
4
3
2.5
2
4
2
2
5
2.5
4.16667
2
2.5
3.2
4
2
5
2.5
2.5
3.125
4
4.5
4
2.5
2.5
3.5
4
2.5
1
3
4
4.66667
4.5
1.5
4.5
1.66667
2
3.25
5
5
2.9
2.9375
4
3
4.16667
4
4
3.375
1.5
4
4
3.75
1
3.5
2.33333
4.08333
3.65385
4.5
1.5
2
1.5
2.33333
2.5
4.5
3.5
2.75
3
4
3.71429
2.25
1
2.5
2
3.5
3.19231
2
4
2.83333
3.125
3.5
2.5
4.5
4.5
2
3.71154
0
2.5
4.16667
1.75
5
4.5
4
3.5
3
3.57692
3
2.25
3
1.75
2.6
3.66667
3.33333
5
3
5
2.95
0.5
3.33333
3.5
4.5
4.5
3.5
3.325
3
3.3
4.5
2.75
3.5
2.5
0.5
2.5
4.5
4
3.5
3.5
4.5
3.83333
2.72222
3.5
3.5
4.5
4
3.5
4
5
3.9375
2.66667
2
2
3
3.5
4
2.5
3
2.5
4.25
3.75
2
2.5
3.5
1.5
3.92857
2.5
4
3.5
2.25
1
4.5
2.5
2
1.5
4
3.2
3.5
4
3
3.92857
4.25
5
3
2.375
1.5
4
4.5
5
2.5
2.75
3.2
5
3.5
3.94737
4
3
3.5
4
1.5
3.5
3.5
4.5
2
4.5
3.42857
2
4
5
1.75
2
3
4
4
3.5
3.52632
3.68182
3.33333
3
3.77273
4.5
3.5
4
3.5
2.5
2.25
4.3
5
3.42857
1.5
1.5
3.5
3.3
3
2
3
4
2
3.5
4.75
3
5
4
3.75
3
5
4
3
3.52
4
2
1.5
4
5
3.59091
5
1.5
3.21429
5
2.5
4
2.5
2.9375
3.97727
2.125
4
3.33333
3
2.5
2.5
2.5
2
2
2
3
2.5
1.5
3
4.5
4
2.5
4
3.375
3.5
5
4.5
4
4
4
3
2.5
2
3
3
2
4
1.5
4.5
3.5
2.25
1.5
4
3
2.5
2.5
2.5
3.5
1.5
3.5
2.25
1.875
3
4
5
4.125
2.33333
3.83333
2.25
4.5
2.5
3
2.5
2
3
1.625
3.125
2.5
3.16667
1.5
3.1
2.75
3.9
2
1.75
1.66667
2.16667
4
5
3.2
1.5
3.16667
3.5
3.5
5
3
3.5
3.5
2
3.7
5
4.5
2
1.5
3.5
2.875
3.775
0
2.83333
4
5
4
2
3.25
3
5
1
3.625
3.66667
1.2
3.1
3
3.75
2
2.95455
3.66667
4
3
3.57143
3.5
2.5
3.125
3.875
2.6875
2.89286
3.5
3.25
3.375
2
3.55
1.83333
2.16667
4.5
0
1.5
3.75
2
1.5
3.875
1.16667
3.5
2.5
2.875
5
2.5
3
2.5
3
2.5
3
2
2.66667
3.75
2
4.33333
3
1.5
4
5
2
3
2.5
2.33333
2.9
2.5
3
4.5
3
3
2.5
4
4
4.03333
4.5
3.5
3.5
4
4
3.5
1.5
3
4
1
3.74138
4
3.4
4
2.5
4.36364
3.66667
4.25
2
1
4.375
3.5
3.2
4.25
3
1.5
4.5
4
4
4.2
2
4
2
3.5
1.33333
3
4.5
3.95833
3.25
3.40909
3.5
4.5
4
3
3.18182
3.88095
1
4
3
3
1.75
3.66667
2.5
3
4.08333
4.25
3.5
5
3.5
3.28846
3.90909
2.66667
4
1.5
3.8
4.04167
4
3.75
4.12069
3.5
3
3.5
1.5
3.375
3.57143
4.08
4
3
3.5
4.5
4.5
3.25
4
2.72222
3
3.57143
5
5
3.5
5
5
0
5
1.5
2.5
3.5
4.5
2
3
5
3.5
2
3.5
2
2.33333
2.72727
4
1.5
2.5
4.5
3
3
4.16667
2
0.5
5
1.5
4.16667
2.25
4
3.5
2.33333
4.07692
2.33333
2.5
4.3
4
2
4
4
4
1.75
1.5
4
5
2
2.5
4
1.5
4.02857
3
4.15116
1.5
3.58333
2.1
2.5
3
4.5
3
3.16667
2.5
2
2.75
3.25
3
4.11765
3
2.25
4
3
4
4.5
3
4
3.83333
2.5
4.5
2.83333
2.5
4.5
2.5
2.11111
2.5
4.5
2
4
1.5
1.5
0
5
3.25
3.125
2.5
3.5
0
0
2.28571
3.79167
2.92857
3.75
3.33333
2
0
3.83333
2.16667
3.7
3.5
3.25
1.5
1.5
2.83333
3.94231
3.57143
3.25
3
3.91667
2
2
4
4
2
3.875
2.6
4.125
3.8
1.5
3.35714
1.5
3.5
2.1
4.5
4.16667
2
2
1
3.75
0
3.875
3.72
5
4
3.5
4
2.5
2.5
4.5
2
4
1.25
3
2.5
2.5
3.98649
3.5
2.75
4
2.25
3.75
3
4
3
3
3.5
3.5
1.5
2.16667
2.16667
1.5
2.33333
3.5
3
3
2.5
2.75
2.5
3
3.5
3.83333
3.5
4.33333
2.5
3.5
3
4
3.5
2.85714
0
3.5
4
0
5
4.5
2.75
4
2.77778
3.25
3.5
1.5
2
3.5
2.5
2
3.4
4.375
0
4
3.45
2
3.16667
3.5
3.75
3.5
3.75
3.5
2
3.96154
4.09524
3
4.5
3.5
3.94231
3.5
2
4
4
2.5
2.66667
1.5
3.75
3
1.5
1.5
4
4.10938
2.16667
2.9
2.5
4
2
4.66667
0.5
2.66667
1.5
2.5
3
3
3.66667
4.75
1.5
3.75
3.5
3
3.44444
3.5
2
1.5
3
3.16667
3.5
4
1.5
2.5
2
2
3
5
3.1
0
2.5
2
4
5
4
3.5
2.75
3.25
2.625
2
3
3.65385
3.25
1
2.5
2.66667
1
1.75
2.5
2.92857
5
4.5
1
5
3
4
4.5
3
1.5
3.79032
3.51724
5
4
3.88462
3.79412
2
3.38889
3.57143
3
2
0
0
3
2
0.5
3.5
3.5
1.5
5
3
5
2.5
4
5
4
4
2.16667
0
4.25
3.5
4.5
3.5
2
3.125
4
3
2
0
1.5
5
0
4.0625
3.5
2
1
4.5
4
5
5
4
4
0.5
5
3.5
2
3
5
3
1
3.5
2
1.75
3
2
3.5
4
0.5
1.5
3
2.33333
4
5
2
3.5
4
2.25
3.5
3.5
3.5
5
4.5
2.5
4
1
1.5
4.5
0
4
3.07143
4
3
2
5
0
1
3
2
3.5
0
0
1.5
2.66667
0
3.5
4
3
2
2
2.5
2
1.5
2.91667
1
4
4.25
2
1.5
2
3
4.1
1.5
3.41667
3
3.7
3.7
3.5
3.5
3
4.04167
3.5
4
2.75
2.5
4
4
4
3
3.5
2.83333
2.5
3
3.75
2.75
4
2.9
4.5
3.5
2.875
1
5
5
5
2.5
1.5
2.5
2
1.5
1
1.5
2.5
2.4375
3.5
3.5
3
3.625
3.42857
3.5
4
3
1.5
0
5
4.5
5
4
3.625
3
4
3.5
3.42857
4.25
2
2
4
4
3.9
2
4
5
4
2.5
3.16667
3.5
3
5
5
5
5
5
5
5
4
5
4
5
5
5
3.5
4
1.33333
5
2.5
5
2.5
3.5
4
4
5
4
1
5
3.5
5
1.5
4
3.5
3.83333
3
2
3.5
1.5
2.5
3.5
3.5
2
1.5
2
3
0
4
1.5
5
3
2.5
3
1
4
4
3
2.5
3
4.16667
3.5
2
3
4
5
3.5
3.5
4
3
5
0
3.6
2.5
5
3
4
3
3.5
4.33333
3
3
2.5
4.5
2
3
3
4.16667
5
4.5
2.5
5
2.5
0.5
3.7
1.5
4
3
3
4
5
0
4
4
1
5
4
1.25
3.75
3.5
1.5
3.33333
1.5
1.5
3.75
4.5
3.5
0
4
2
3
2
1
3.75
0.5
1
2.5
4.25
1.5
2.5
2
4
5
3.5
4
0
2.5
0.5
0
0
3
1
1.5
5
4.5
5
3
0
5
0
0
0
0
0
0
0
0
0
0
0
0
0
0
0
0
0
0
0
0
0
0
0
0
0
0
0
0
0
0
0
0
0
0
0
0
0
0
0
0
0
0
0
0
0
0
0
0
0
0
0
0
0
0
0
0
0
0
0
0
0
0
0
0
0
0
0
0
0
0
0
0
0
0
0
0
0
0
0
0
0
0
0
0
0
0
0
0
0
0
0
0
0
0
0
0
0
0
0
0
0
0
0
0
0
0
0
0
0
0
0
0
0
0
0
0
0
0
0
0
0
0
0
0
0
0
0
0
0
0
0
0
0
0
0
0
0
0
0
0
0
0
0
0
0
0
0
0
0
0
0
0
0
0
0
0
0
0
0
0
0
0
0
0
0
0
0
0
0
0
0
0
0
0
0
0
0
0
0
0
0
0
0
0
0
0
0
0
0
0
0
0
0
0
0
0
0
0
0
0
0
0
0
0
0
0
0
0
0
0
0
0
0
0
0
0
0
0
0
0
0
0
0
0
0
0
0
0
0
0
0
0
0
0
0
0
0
0
0
0
0
0
0
0
0
0
0
0
0
0
0
0
0
0
0
0
0
0
0
0
0
0
0
0
0
0
0
0
0
0
0
0
0
0
0
0
0
0
0
0
0
0
0
0
0
0
0
0
0
0
0
0
0
0
0
0
0
0
0
0
0
0
0
0
0
0
0
0
0
0
0
0
0
0
0
0
0
0
0
0
0
0
0
0
0
0
0
0
0
0
0
0
0
0
0
0
0
0
0
0
0
0
0
0
0
0
0
0
0
0
0
0
0
0
0
0
0
0
0
0
0
0
0
0
0
0
0
0
0
0
0
0
0
0
0
0
0
0
0
0
0
0
0
0
0
0
0
0
0
0
0
0
0
0
0
0
0
0
0
0
0
0
0
0
0
0
0
0
0
0
0
0
0
0
0
0
0
0
0
0
0
0
0
0
0
0
0
0
0
0
0
0
0
0
0
0
0
0
0
0
0
0
0
0
0
0
0
0
0
0
0
0
0
0
0
0
0
0
0
0
0
0
0
0
0
0
0
0
0
0
0
0
0
0
0
0
0
0
0
0
0
0
0
0
0
0
0
0
0
0
0
0
0
0
0
0
0
0
0
0
0
0
0
0
0
0
0
0
0
0
0
0
0
0
0
0
0
0
0
0
0
0
0
0
0
0
0
0
0
0
0
0
0
0
0
0
0
0
0
0
0
0
0
0
0
0
0
0
0
0
0
0
0
0
0
0
0
0
0
0
0
0
0
0
0
0
0
0
0
0
0
0
0
0
0
0
0
0
0
0
0
0
0
0
0
0
0
0
0
0
0
0
0
0
0
0
0
0
0
0
0
0
0
0
0
0
0
0
0
0
0
0
0
0
0
0
0
0
0
0
0
0
0
0
0
0
0
0
0
0
0
0
0
0
0
0
0
0
0
0
0
0
0
0
0
0
0
0
0
0
0
0
0
0
0
0
0
0
0
0
0
0
0
0
0
0
0
0
0
0
0
0
0
0
0
0
0
0
0
0
0
0
0
0
0
0
0
0
0
0
0
0
0
0
0
0
0
0
0
0
0
0
0
0
0
0
0
0
0
0
0
0
0
0
0
0
0
0
0
0
0
0
0
0
0
0
0
0
0
0
0
0
0
0
0
0
0
0
0
0
0
0
0
0
0
0
0
0
0
0
0
0
0
0
0
0
0
0
0
0
0
0
0
0
0
0
0
0
0
0
0
0
0
0
0
0
0
0
0
0
0
0
0
0
0
0
0
0
0
0
0
0
0
0
0
0
0
0
0
0
0
0
0
0
0
0
0
0
0
0
0
0
0
0
0
0
0
0
0
0
0
0
0
0
0
0
0
0
0
0
0
0
0
0
0
0
0
0
0
0
0
0
0
0
0
0
0
0
0
0
0
0
0
0
0
0
0
0
0
0
0
0
0
0
0
0
0
0
0
0
0
0
0
0
0
0
0
0
0
0
0
0
0
0
0
0
0
0
0
0
0
0
0
0
0
0
0
0
0
0
0
0
0
0
0
0
0
0
0
0
0
0
0
0
0
0
0
0
0
0
0
0
0
0
0
0
0
0
0
0
0
0
0
0
0
0
0
0
0
0
0
0
0
0
0
0
0
0
0
0
0
0
0
0
0
0
0
0
0
0
0
0
0
0
0
0
0
0
0
0
0
0
0
0
0
0
0
0
0
0
0
0
0
0
0
0
0
0
0
0
0
0
0
0
0
0
0
0
0
0
0
0
0
0
0
0
0
0
0
0
0
0
0
0
0
0
0
0
0
0
0
0
0
0
0
0
0
0
0
0
0
0
0
0
0
0
0
0
0
0
0
0
0
0
0
0
0
0
0
0
0
0
0
0
0
0
0
0
0
0
0
0
0
0
0
0
0
0
0
0
0
0
0
0
0
0
0
0
0
0
0
0
0
0
0
0
0
0
0
0
0
0
0
0
0
0
0
0
0
0
0
0
0
0
0
0
0
0
0
0
0
0
0
0
0
0
0
0
0
0
0
0
0
0
0
0
0
0
0
0
0
0
0
0
0
0
0
0
0
0
0
0
0
0
0
0
0
0
0
0
0
0
0
0
0
0
0
0
0
0
0
0
0
0
0
0
0
0
0
0
0
0
0
0
0
0
0
0
0
0
0
0
0
0
0
0
0
0
0
0
0
0
0
0
0
0
0
0
0
0
0
0
0
0
0
0
0
0
0
0
0
0
0
0
0
0
0
0
0
0
0
0
0
0
0
0
0
0
0
0
0
0
0
0
0
0
0
0
0
0
0
0
0
0
0
0
0
0
0
0
0
0
0
0
0
0
0
0
0
0
0
0
0
0
0
0
0
0
0
0
0
0
0
0
0
0
0
0
0
0
0
0
0
0
0
0
0
0
0
0
0
0
0
0
0
0
0
0
0
0
0
0
0
0
0
0
0
0
0
0
0
0
0
0
0
0
0
0
0
0
0
0
0
0
0
0
0
0
0
0
0
0
0
0
0
0
0
0
0
0
0
0
0
0
0
0
0
0
0
0
0
0
0
0
0
0
0
0
0
0
0
0
0
0
0
0
0
0
0
0
0
0
0
0
0
0
0
0
0
0
0
0
0
0
0
0
0
0
0
0
0
0
0
0
0
0
0
0
0
0
0
0
0
0
0
0
0
0
0
0
0
0
0
0
0
0
0
0
0
0
0
0
0
0
0
0
0
0
0
0
0
0
0
0
0
0
0
0
0
0
0
0
0
0
0
0
0
0
0
0
0
0
0
0
0
0
0
0
0
0
0
0
0
0
0
0
0
0
0
0
0
0
0
0
0
0
0
0
0
0
0
0
0
0
0
0
0
0
0
0
0
0
0
0
0
0
0
0
0
0
0
0
0
0
0
0
0
0
0
0
0
0
0
0
0
0
0
0
0
0
0
0
0
0
0
0
0
0
0
0
0
0
0
0
0
0
0
0
0
0
0
0
0
0
0
0
0
0
0
0
0
0
0
0
0
0
0
0
