250 500000
2 2.18315 0.955824 7506 5655.79 4538.67
2 3.30469 0.738699 8370 4995.72 1854.52
3 2.5402 0.817856 9866 5973.73 1689.38
2 2.82091 0.568616 9212 4155.79 814.258
3 2.20283 0.999462 8129 3793.78 2965.98
3 3.51734 0.818776 6948 4299.29 2045.65
2 3.91833 0.763372 10402 5582.67 1285.08
1 3.67459 0.903862 8126 4451.64 361.295
3 3.84798 0.596107 6545 3732.35 1257.35
3 2.04668 0.728851 10307 3554.06 3329.86
1 3.9119 0.633333 10667 5797.48 2668.57
2 3.28075 0.765803 7225 5302.85 5094.59
1 3.79551 0.642147 10115 5446.57 1424.57
1 2.06215 0.720052 6712 3948.13 474.112
3 1.99101 0.67518 8082 5912.11 1852.9
1 2.76592 0.71978 8423 5818.43 443.041
2 3.4443 0.741245 10284 5959.62 4673.55
3 3.76038 0.82054 10061 5878.87 3339.83
1 1.84318 0.723517 10135 4330.14 3351.23
3 1.8287 0.584804 10923 4624.55 431.52
2 1.37823 0.992376 6282 5553.28 361.869
1 2.14956 0.64708 9750 4495.39 3451.44
3 1.73324 0.562737 10149 5476.8 1131.57
3 3.23521 0.526265 10525 6065.28 2902.13
1 1.72019 0.828282 6687 5478.17 179.361
2 3.2792 0.760105 8655 3864.24 3561.99
3 1.61397 0.786659 10783 5713.13 1396.99
3 1.47342 0.944978 6433 4051.69 3543.45
3 1.16217 0.502081 7305 3695.29 284.745
1 1.54112 0.956513 8177 4557.56 822.535
2 2.65746 0.843694 8624 4721.95 4251.54
1 3.27188 0.788486 9191 6179.02 756.919
1 2.88673 0.916619 6608 5519.07 412.7
1 3.49311 0.951683 9197 5508.29 91.2955
3 2.49178 0.944474 9197 5741.03 5299.08
1 1.74413 0.85031 8064 4118.67 2813.87
3 1.69428 0.611828 8625 5209.29 1817.75
2 3.9144 0.859634 6391 4974.49 4411.07
3 2.77762 0.668176 8169 4717.48 719.112
2 1.00969 0.916622 7233 5115.9 3919.55
3 2.44885 0.856044 8351 4323.38 3534.28
2 1.12259 0.836968 6542 5379.16 1949.72
2 1.55387 0.865365 9322 5193.33 3488.25
2 1.60664 0.826565 9072 5348.84 3972.98
1 1.26293 0.843062 7064 5868.94 5318.86
1 2.0848 0.833278 6815 5101.67 3628.66
3 1.86514 0.992182 10422 4012.33 3997.97
2 1.99444 0.979318 8845 4678.54 380.188
3 3.09723 0.691916 6939 5351.62 1208.54
3 3.74882 0.896828 8810 4049.58 1830.73
2 3.7148 0.749072 8766 5859.74 2483.79
1 1.82173 0.731831 8920 4829.48 730.152
2 1.87316 0.863775 10185 5347.28 4603.82
1 2.47727 0.589104 9303 5455.48 4244.68
2 1.36378 0.662404 6458 4473.2 305.263
2 2.86629 0.748037 10598 5708.94 3796.86
3 2.97649 0.575615 10524 4199.05 3894.47
2 2.94162 0.665693 6263 4278.33 3888.42
2 3.80348 0.829373 8081 4216.75 1005.15
3 1.47182 0.758857 8455 5189.3 4110.89
3 2.2786 0.622163 10140 4564.85 3076.85
1 2.91596 0.94878 10830 4413.26 3812.85
3 1.01623 0.646839 9924 5590.84 4949.83
2 3.16302 0.993234 10469 4712.58 1377.21
3 2.42168 0.54978 6986 3753.58 2316.56
1 2.97136 0.525754 7510 3855.6 3649.65
3 3.34261 0.559556 6657 4694.91 1926.95
2 2.5897 0.652143 10440 4477.18 498.785
2 1.50946 0.809463 7479 4919.52 1987
1 3.48942 0.961864 8470 3766.86 3127.98
3 1.67647 0.678597 9765 4285.24 522.205
2 3.44473 0.628734 8319 3598.08 798.338
1 3.50831 0.59901 9827 4096.73 1588.09
1 3.02382 0.600176 10525 5442.55 3259.31
1 2.30203 0.766423 6836 4541.52 3838.96
2 1.04374 0.652704 7526 4531.85 1190.51
3 2.94898 0.842993 9258 5982.9 1138.72
3 1.93585 0.76648 9808 3516.21 549.494
2 2.92808 0.681077 10560 4581.91 1288.62
2 3.03344 0.53178 8639 3588.81 1128.25
1 2.85688 0.500563 10522 5033.14 5004.41
3 1.78471 0.590581 6870 5815.4 3830.49
1 3.63703 0.942507 7146 4345.72 3536.44
3 2.51038 0.952085 7298 5324.27 4306.92
1 3.1182 0.86948 7956 4977.97 336.901
3 3.77973 0.747203 8882 6020.23 2694.06
2 3.39894 0.8286 6014 5105.14 24.8192
3 1.97362 0.818885 10663 5090.72 1225.84
2 3.38473 0.735282 8736 5131.82 4275.16
3 3.59526 0.706241 10167 5293.92 2054.57
2 2.9368 0.789511 6050 3900.52 3771.97
3 2.55445 0.556324 7881 4890.63 2495.42
1 1.1455 0.818828 7664 4538.58 2486.96
1 2.23923 0.508728 8260 4598.27 1298.93
3 3.43884 0.738681 6396 4706.2 23.4903
1 1.22278 0.611301 6065 5112.66 3989.09
2 3.77054 0.719281 9995 4749.7 710.282
2 3.84673 0.666785 7680 5570.94 2581.14
1 2.43265 0.942159 6755 4758.66 156.629
1 2.37412 0.952391 9121 5569.41 4135.06
2 3.89051 0.780392 6919 4586.42 2043.92
2 1.57308 0.82694 8932 4472.28 374.092
1 2.81963 0.686778 8666 3796.4 3041.04
3 2.77808 0.52943 9055 5110.12 2244.29
1 1.72788 0.504537 8417 4428.37 338.385
3 3.31206 0.586532 6109 6019.84 3323.32
1 3.38569 0.577668 8399 6107.34 4318.74
1 2.09808 0.737903 8745 5518.62 4012.31
1 1.36698 0.859333 10805 5182.63 391.878
3 1.84685 0.813063 9075 4048.04 3334.76
3 1.68266 0.580412 9617 3537.44 3113.05
1 2.94564 0.807113 9239 3772.31 3506.21
2 2.48929 0.622034 7481 4291.58 376.55
1 1.57213 0.906952 8898 4665.98 1151.39
3 3.99391 0.600473 8778 4913.58 1662.21
1 1.98285 0.670741 9650 5246.12 4982.97
3 3.40999 0.952094 10728 5341.19 3670.02
3 1.8938 0.795555 8742 4010.47 3796.2
2 1.47183 0.794559 6313 3867.66 3643.18
1 3.8365 0.734525 8654 5998.09 4456.96
3 1.50651 0.907774 7063 4786.16 354.693
3 2.74675 0.632086 7422 4108.14 1505.68
1 1.04995 0.602857 10802 4438.37 2119.07
1 1.92151 0.721669 6237 5241.86 3831.88
2 1.99868 0.629056 10645 5549.86 1756.55
2 3.53537 0.660739 9002 5122.06 1701.17
1 3.544 0.536618 6089 4191.82 2035.9
3 2.83423 0.979478 7141 5717.59 1505.9
1 2.07983 0.502538 9541 3564.43 1827.89
1 3.12479 0.733735 9394 4870.01 4488.95
1 2.45095 0.542205 9573 3617.17 2731.61
2 2.83372 0.933735 8024 6096.23 5083.83
2 3.27185 0.789306 6393 3518.85 927.931
2 3.76772 0.973218 10876 5626.63 5055.74
1 1.71796 0.873365 7653 3756.62 2715.47
1 3.81314 0.990554 7979 3761.04 582.772
3 3.07739 0.827014 6696 4672.87 3159.21
1 1.38993 0.568478 6438 4520.59 1537.93
1 3.64205 0.834163 6942 4069.33 1917.56
3 3.82967 0.519132 10141 3829.63 1857.88
1 1.6347 0.654123 9737 3932.44 2226.99
1 2.94936 0.542092 6225 4747.26 1043.63
2 3.05403 0.531337 6671 5841.43 5565.84
1 1.5314 0.693998 9155 3795.72 1533.16
1 3.10102 0.911213 10865 4597.86 1942.3
3 1.66518 0.690944 10073 4510.34 4070.69
2 2.16197 0.924636 10516 6022.29 1015.75
1 2.90561 0.751201 8499 5186.58 2184.96
2 1.08843 0.5695 6984 5119.21 4382.42
1 3.33223 0.592013 8611 5485.34 1828.62
1 1.31673 0.739889 9519 3776.03 2755.49
1 1.86321 0.610959 6286 6056.9 2986.88
1 3.80905 0.780504 7287 4295.42 1527.44
1 1.69854 0.916277 7107 5199.27 973.025
3 1.08536 0.881882 7091 5167.47 1166.3
1 1.23026 0.589493 7425 3966.35 2539.53
3 2.13613 0.662856 6384 3771.85 493.03
1 1.31252 0.699388 8643 5524.24 3498.23
3 1.81657 0.950774 10158 3684.23 2092.32
1 3.02455 0.646216 10080 4773.42 3702.34
1 2.73016 0.874722 6874 3840.42 1996.84
1 1.57746 0.646586 7851 3860.15 3147.77
3 3.70232 0.825245 6375 5683.27 1776.43
1 1.13419 0.556482 9154 5592.66 776.376
3 3.98259 0.732917 8065 5303.35 909.887
1 3.13572 0.918993 6974 4022.43 3400.26
2 1.97155 0.72862 10293 4937.79 1776.25
2 2.3802 0.634342 7050 3515.78 2842.17
3 2.33229 0.609577 8267 5263.33 3424.94
1 2.27923 0.54716 7151 3636.26 693.678
1 3.95993 0.590068 6180 4267.56 2734.66
3 3.56135 0.693149 10162 5622.7 4833.72
3 1.31017 0.554617 9051 6112.77 800.707
2 3.40781 0.727845 10485 4568.35 2136.81
3 3.91013 0.510254 6662 3739.03 3540.61
3 3.69856 0.5919 10584 4631.69 3613.53
2 2.86837 0.704489 10484 4746.02 2563.48
3 3.5066 0.901613 9071 4046.03 1325.44
2 3.88765 0.679118 8609 4538.17 314.428
1 1.30973 0.595886 9329 5864.13 461.442
1 1.26896 0.754399 7879 6114.67 6085.77
2 1.86157 0.874339 10802 4207.09 4053.58
3 2.05152 0.776369 8375 4269.9 1387.15
3 2.87218 0.504284 10588 4668.76 18.9833
2 3.77626 0.900512 6537 4214.48 2988.09
1 3.1891 0.849048 10280 3518.78 389.542
3 3.65903 0.574115 6198 5225.84 390.49
2 3.61016 0.577601 8822 4978.85 853.746
2 1.33873 0.772892 6997 5824.12 3138.1
1 3.72854 0.587068 10942 6081.5 4940.15
3 2.08049 0.683559 7253 5195.28 1998.05
2 2.1364 0.508999 8681 5374.05 1880.89
3 3.08108 0.620707 8143 5917.46 1921.7
2 2.39318 0.662589 6458 3976.97 2648.82
1 1.54601 0.569057 8153 3566.35 2077.06
2 2.15584 0.506581 9298 3850.09 3292.11
2 2.59166 0.612322 10661 4166.87 1909.83
3 3.53234 0.869733 7912 4626.37 2420.7
2 2.39033 0.820049 10529 5877.96 4312.17
3 1.83401 0.65129 9153 4737.33 1959.09
3 2.54455 0.822256 7329 5265.15 79.8944
1 2.169 0.818328 10806 4370.62 1136.2
2 2.60114 0.975443 9255 3769 2549.08
3 1.13014 0.962052 10343 4897.85 2805.43
2 1.41653 0.798557 8231 4127.93 4095.4
3 2.41914 0.563403 8277 5635.48 4693.09
3 3.77653 0.623981 7044 4286.86 3457.2
1 1.33647 0.605893 6422 5162.92 1662.04
1 3.3648 0.652994 6517 5462.48 1936.09
1 1.27039 0.661347 6550 5820.49 3599.63
3 1.42539 0.966358 6738 4553.14 85.3943
3 3.12585 0.500023 7627 3808.34 3218.4
3 1.09496 0.823774 8149 3594.61 1873.65
3 2.76159 0.657022 7994 4673.8 1995.52
2 2.40455 0.663813 8085 5835.16 82.6599
3 1.58484 0.792499 6507 3773.03 3544.97
1 1.42687 0.628244 10634 6171.76 1425.41
2 2.69276 0.799645 7492 4611.19 2544.25
3 1.93747 0.873615 7855 3925.4 2553.53
2 3.48284 0.846244 8331 4563.61 3900.3
3 3.81689 0.520044 7796 4870.57 364.222
3 1.36799 0.556103 8678 4410.31 2981.12
2 1.77002 0.834112 7529 5949.03 3048.46
2 2.67593 0.8581 7217 4555.4 2062.43
2 2.34063 0.920402 6725 5007.13 4669.4
1 1.66204 0.864148 7119 3618.51 3450.24
3 1.88912 0.816761 7567 3599.41 2586.83
3 3.21938 0.82342 10069 4173.01 3312.37
3 1.00663 0.696549 10732 4949.98 2568.76
3 1.40064 0.845873 7635 4740.28 1096.58
3 2.18595 0.719604 9244 4939.78 1394.63
2 2.22525 0.722617 7150 5522.14 1946.07
2 3.41845 0.527705 7263 5034.62 4861.92
3 3.37693 0.664671 7923 4956.88 2827.62
2 2.2412 0.936548 8347 6061.51 4516.63
2 2.19977 0.966588 8801 5408.89 4925.26
2 2.53882 0.630942 10052 4685.09 267.264
2 1.87662 0.930293 8568 4779.97 934.56
1 2.90574 0.587415 9639 4971.19 366.952
1 1.58661 0.572123 9482 4951.68 3896.49
3 3.58528 0.784377 8487 4695.53 2131.16
2 3.98058 0.716226 7846 3581.18 2431.68
2 2.55714 0.996555 10828 5450.42 2868.26
1 2.50444 0.523183 6704 3834.72 2746.12
3 1.06259 0.779262 7048 4553.78 1714.07
1 2.05327 0.896939 10082 4084.43 3863.05
1 1.97829 0.678081 10143 5718.97 2973.09
2 1.98793 0.525843 6013 5541.59 42.9063
1 2.73611 0.851336 8639 4415.49 2030.72
2 3.25881 0.571612 8173 3776.6 3325.04
