150 200000
2 2.18315 0.955824 7506 5655.79 4538.67
2 3.30469 0.738699 8370 4995.72 1854.52
3 2.5402 0.817856 9866 5973.73 1689.38
2 2.82091 0.568616 9212 4155.79 814.258
3 2.20283 0.999462 8129 3793.78 2965.98
3 3.51734 0.818776 6948 4299.29 2045.65
2 3.91833 0.763372 10402 5582.67 1285.08
1 3.67459 0.903862 8126 4451.64 361.295
3 3.84798 0.596107 6545 3732.35 1257.35
3 2.04668 0.728851 10307 3554.06 3329.86
1 3.9119 0.633333 10667 5797.48 2668.57
2 3.28075 0.765803 7225 5302.85 5094.59
1 3.79551 0.642147 10115 5446.57 1424.57
1 2.06215 0.720052 6712 3948.13 474.112
3 1.99101 0.67518 8082 5912.11 1852.9
1 2.76592 0.71978 8423 5818.43 443.041
2 3.4443 0.741245 10284 5959.62 4673.55
3 3.76038 0.82054 10061 5878.87 3339.83
1 1.84318 0.723517 10135 4330.14 3351.23
3 1.8287 0.584804 10923 4624.55 431.52
2 1.37823 0.992376 6282 5553.28 361.869
1 2.14956 0.64708 9750 4495.39 3451.44
3 1.73324 0.562737 10149 5476.8 1131.57
3 3.23521 0.526265 10525 6065.28 2902.13
1 1.72019 0.828282 6687 5478.17 179.361
2 3.2792 0.760105 8655 3864.24 3561.99
3 1.61397 0.786659 10783 5713.13 1396.99
3 1.47342 0.944978 6433 4051.69 3543.45
3 1.16217 0.502081 7305 3695.29 284.745
1 1.54112 0.956513 8177 4557.56 822.535
2 2.65746 0.843694 8624 4721.95 4251.54
1 3.27188 0.788486 9191 6179.02 756.919
1 2.88673 0.916619 6608 5519.07 412.7
1 3.49311 0.951683 9197 5508.29 91.2955
3 2.49178 0.944474 9197 5741.03 5299.08
1 1.74413 0.85031 8064 4118.67 2813.87
3 1.69428 0.611828 8625 5209.29 1817.75
2 3.9144 0.859634 6391 4974.49 4411.07
3 2.77762 0.668176 8169 4717.48 719.112
2 1.00969 0.916622 7233 5115.9 3919.55
3 2.44885 0.856044 8351 4323.38 3534.28
2 1.12259 0.836968 6542 5379.16 1949.72
2 1.55387 0.865365 9322 5193.33 3488.25
2 1.60664 0.826565 9072 5348.84 3972.98
1 1.26293 0.843062 7064 5868.94 5318.86
1 2.0848 0.833278 6815 5101.67 3628.66
3 1.86514 0.992182 10422 4012.33 3997.97
2 1.99444 0.979318 8845 4678.54 380.188
3 3.09723 0.691916 6939 5351.62 1208.54
3 3.74882 0.896828 8810 4049.58 1830.73
2 3.7148 0.749072 8766 5859.74 2483.79
1 1.82173 0.731831 8920 4829.48 730.152
2 1.87316 0.863775 10185 5347.28 4603.82
1 2.47727 0.589104 9303 5455.48 4244.68
2 1.36378 0.662404 6458 4473.2 305.263
2 2.86629 0.748037 10598 5708.94 3796.86
3 2.97649 0.575615 10524 4199.05 3894.47
2 2.94162 0.665693 6263 4278.33 3888.42
2 3.80348 0.829373 8081 4216.75 1005.15
3 1.47182 0.758857 8455 5189.3 4110.89
3 2.2786 0.622163 10140 4564.85 3076.85
1 2.91596 0.94878 10830 4413.26 3812.85
3 1.01623 0.646839 9924 5590.84 4949.83
2 3.16302 0.993234 10469 4712.58 1377.21
3 2.42168 0.54978 6986 3753.58 2316.56
1 2.97136 0.525754 7510 3855.6 3649.65
3 3.34261 0.559556 6657 4694.91 1926.95
2 2.5897 0.652143 10440 4477.18 498.785
2 1.50946 0.809463 7479 4919.52 1987
1 3.48942 0.961864 8470 3766.86 3127.98
3 1.67647 0.678597 9765 4285.24 522.205
2 3.44473 0.628734 8319 3598.08 798.338
1 3.50831 0.59901 9827 4096.73 1588.09
1 3.02382 0.600176 10525 5442.55 3259.31
1 2.30203 0.766423 6836 4541.52 3838.96
2 1.04374 0.652704 7526 4531.85 1190.51
3 2.94898 0.842993 9258 5982.9 1138.72
3 1.93585 0.76648 9808 3516.21 549.494
2 2.92808 0.681077 10560 4581.91 1288.62
2 3.03344 0.53178 8639 3588.81 1128.25
1 2.85688 0.500563 10522 5033.14 5004.41
3 1.78471 0.590581 6870 5815.4 3830.49
1 3.63703 0.942507 7146 4345.72 3536.44
3 2.51038 0.952085 7298 5324.27 4306.92
1 3.1182 0.86948 7956 4977.97 336.901
3 3.77973 0.747203 8882 6020.23 2694.06
2 3.39894 0.8286 6014 5105.14 24.8192
3 1.97362 0.818885 10663 5090.72 1225.84
2 3.38473 0.735282 8736 5131.82 4275.16
3 3.59526 0.706241 10167 5293.92 2054.57
2 2.9368 0.789511 6050 3900.52 3771.97
3 2.55445 0.556324 7881 4890.63 2495.42
1 1.1455 0.818828 7664 4538.58 2486.96
1 2.23923 0.508728 8260 4598.27 1298.93
3 3.43884 0.738681 6396 4706.2 23.4903
1 1.22278 0.611301 6065 5112.66 3989.09
2 3.77054 0.719281 9995 4749.7 710.282
2 3.84673 0.666785 7680 5570.94 2581.14
1 2.43265 0.942159 6755 4758.66 156.629
1 2.37412 0.952391 9121 5569.41 4135.06
2 3.89051 0.780392 6919 4586.42 2043.92
2 1.57308 0.82694 8932 4472.28 374.092
1 2.81963 0.686778 8666 3796.4 3041.04
3 2.77808 0.52943 9055 5110.12 2244.29
1 1.72788 0.504537 8417 4428.37 338.385
3 3.31206 0.586532 6109 6019.84 3323.32
1 3.38569 0.577668 8399 6107.34 4318.74
1 2.09808 0.737903 8745 5518.62 4012.31
1 1.36698 0.859333 10805 5182.63 391.878
3 1.84685 0.813063 9075 4048.04 3334.76
3 1.68266 0.580412 9617 3537.44 3113.05
1 2.94564 0.807113 9239 3772.31 3506.21
2 2.48929 0.622034 7481 4291.58 376.55
1 1.57213 0.906952 8898 4665.98 1151.39
3 3.99391 0.600473 8778 4913.58 1662.21
1 1.98285 0.670741 9650 5246.12 4982.97
3 3.40999 0.952094 10728 5341.19 3670.02
3 1.8938 0.795555 8742 4010.47 3796.2
2 1.47183 0.794559 6313 3867.66 3643.18
1 3.8365 0.734525 8654 5998.09 4456.96
3 1.50651 0.907774 7063 4786.16 354.693
3 2.74675 0.632086 7422 4108.14 1505.68
1 1.04995 0.602857 10802 4438.37 2119.07
1 1.92151 0.721669 6237 5241.86 3831.88
2 1.99868 0.629056 10645 5549.86 1756.55
2 3.53537 0.660739 9002 5122.06 1701.17
1 3.544 0.536618 6089 4191.82 2035.9
3 2.83423 0.979478 7141 5717.59 1505.9
1 2.07983 0.502538 9541 3564.43 1827.89
1 3.12479 0.733735 9394 4870.01 4488.95
1 2.45095 0.542205 9573 3617.17 2731.61
2 2.83372 0.933735 8024 6096.23 5083.83
2 3.27185 0.789306 6393 3518.85 927.931
2 3.76772 0.973218 10876 5626.63 5055.74
1 1.71796 0.873365 7653 3756.62 2715.47
1 3.81314 0.990554 7979 3761.04 582.772
3 3.07739 0.827014 6696 4672.87 3159.21
1 1.38993 0.568478 6438 4520.59 1537.93
1 3.64205 0.834163 6942 4069.33 1917.56
3 3.82967 0.519132 10141 3829.63 1857.88
1 1.6347 0.654123 9737 3932.44 2226.99
1 2.94936 0.542092 6225 4747.26 1043.63
2 3.05403 0.531337 6671 5841.43 5565.84
1 1.5314 0.693998 9155 3795.72 1533.16
1 3.10102 0.911213 10865 4597.86 1942.3
3 1.66518 0.690944 10073 4510.34 4070.69
2 2.16197 0.924636 10516 6022.29 1015.75
1 2.90561 0.751201 8499 5186.58 2184.96
2 1.08843 0.5695 6984 5119.21 4382.42
1 3.33223 0.592013 8611 5485.34 1828.62
