20 50000
2 2.18315 0.955824 7506 5655.79 4538.67
2 3.30469 0.738699 8370 4995.72 1854.52
3 2.5402 0.817856 9866 5973.73 1689.38
2 2.82091 0.568616 9212 4155.79 814.258
3 2.20283 0.999462 8129 3793.78 2965.98
3 3.51734 0.818776 6948 4299.29 2045.65
2 3.91833 0.763372 10402 5582.67 1285.08
1 3.67459 0.903862 8126 4451.64 361.295
3 3.84798 0.596107 6545 3732.35 1257.35
3 2.04668 0.728851 10307 3554.06 3329.86
1 3.9119 0.633333 10667 5797.48 2668.57
2 3.28075 0.765803 7225 5302.85 5094.59
1 3.79551 0.642147 10115 5446.57 1424.57
1 2.06215 0.720052 6712 3948.13 474.112
3 1.99101 0.67518 8082 5912.11 1852.9
1 2.76592 0.71978 8423 5818.43 443.041
2 3.4443 0.741245 10284 5959.62 4673.55
3 3.76038 0.82054 10061 5878.87 3339.83
1 1.84318 0.723517 10135 4330.14 3351.23
3 1.8287 0.584804 10923 4624.55 431.52
